  0.0000000E+00
 -7.7636819E-04
  2.2497261E-07
 -7.8207639E-04
  1.9974250E-06
 -7.8339700E-04
  8.1914477E-06
 -7.8498572E-04
  1.0985794E-05
 -7.8869716E-04
  1.4925055E-05
 -7.9084752E-04
  1.8169550E-05
 -7.9548592E-04
  2.0628504E-05
 -7.9668430E-04
  2.8089882E-05
 -7.9628348E-04
  3.3022399E-05
 -8.0045580E-04
  3.5415986E-05
 -8.0486177E-04
  3.6995916E-05
 -8.1066781E-04
  3.9078412E-05
 -8.1491470E-04
  4.2684493E-05
 -8.1799238E-04
  4.6290195E-05
 -8.2324399E-04
  4.8312620E-05
 -8.2849979E-04
  5.0590024E-05
 -8.3420856E-04
  5.2332820E-05
 -8.3854108E-04
  5.8430975E-05
 -8.3934248E-04
  6.5149186E-05
 -8.4223389E-04
  6.8954396E-05
 -8.4668613E-04
  7.3946663E-05
 -8.4890577E-04
  8.0069323E-05
 -8.5169345E-04
  8.5677399E-05
 -8.5436192E-04
  9.2309259E-05
 -8.5710245E-04
  9.8096265E-05
 -8.6632569E-04
  8.9313951E-05
 -8.7953359E-04
  9.2477159E-05
 -8.8263932E-04
  1.0173384E-04
 -8.8414794E-04
  1.0902670E-04
 -8.8561524E-04
  1.1682333E-04
 -8.8792818E-04
  1.2357681E-04
 -8.9247478E-04
  1.2932930E-04
 -8.8839361E-04
  1.4758771E-04
 -8.8897522E-04
  1.5189065E-04
 -8.9808996E-04
  1.5172453E-04
 -9.0741529E-04
  1.5311028E-04
 -9.1662409E-04
  1.5585273E-04
 -9.2473126E-04
  1.5883768E-04
 -9.3309395E-04
  1.6117506E-04
 -9.4216515E-04
  1.6570932E-04
 -9.4706868E-04
  1.7325973E-04
 -9.5151039E-04
  1.8071945E-04
 -9.5615967E-04
  1.8841235E-04
 -9.6051791E-04
  1.9595228E-04
 -9.6675032E-04
  2.0167619E-04
 -9.7217108E-04
  2.1194309E-04
 -9.7301125E-04
  2.2316087E-04
 -9.7538182E-04
  2.3455397E-04
 -9.8085066E-04
  2.4182719E-04
 -9.8889088E-04
  2.4821257E-04
 -9.9790504E-04
  2.5550791E-04
 -1.0072222E-03
  2.6303405E-04
 -1.0213539E-03
  2.6814340E-04
 -1.0395871E-03
  2.7707752E-04
 -1.0608678E-03
  2.9181209E-04
 -1.0847743E-03
  3.2029694E-04
 -1.1211991E-03
  3.6900348E-04
 -1.1904030E-03
  4.7150362E-04
 -1.3497166E-03
  7.5911288E-04
 -1.9551450E-03
  2.8287533E-03
  3.0522343E-02
  3.4374897E-03
  4.4434946E-03
  3.4267658E-03
  4.2498531E-03
  3.6323690E-03
  4.5204512E-03
  3.6701770E-03
  5.0513055E-03
  3.4192395E-03
  6.0783424E-03
  2.2610337E-03
  9.3925782E-03
 -1.0422525E-02
 -2.1031333E-02
  7.1450239E-03
 -3.1730772E-03
  4.5541660E-03
 -1.5842946E-03
  3.8207639E-03
 -9.9382049E-04
  3.5044984E-03
 -6.8848196E-04
  3.3933772E-03
  6.4610727E-03
  4.7390242E-03
  5.5490015E-04
  4.2984397E-03
  7.3793379E-04
  4.3123160E-03
  8.9650368E-04
  4.3403339E-03
  1.0700104E-03
  4.3437881E-03
  1.3127589E-03
  4.1984576E-03
  1.9567965E-03
  2.1521486E-03
 -5.2536204E-03
  5.1496634E-03
 -6.9325074E-04
  5.0815553E-03
 -9.0347638E-04
  3.4256573E-03
 -1.2988541E-03
  3.4297095E-03
 -1.3928117E-03
  3.4492703E-03
 -1.4832751E-03
  3.4459117E-03
 -1.3640916E-03
  1.2816988E-02
 -1.5540601E-05
  5.2614277E-03
 -7.6253893E-04
  5.2651996E-03
 -5.8622524E-04
  4.9324916E-03
  2.1088388E-04
  6.3993442E-03
 -1.7415755E-04
  6.9654207E-03
 -7.3895056E-04
  8.0724964E-03
 -4.1400832E-03
 -9.5792941E-04
 -4.8368244E-04
  4.5539727E-03
 -1.0102292E-03
  4.4693067E-03
 -2.8572374E-03
  5.5329720E-03
 -5.0709560E-03
  5.5098045E-03
 -5.8152350E-03
  6.0782051E-03
 -6.7643737E-03
  6.8497732E-03
 -7.8875795E-03
  7.5869500E-03
 -7.8588612E-03
  1.4881764E-02
 -1.2342406E-02
  1.6235230E-02
 -1.3311100E-02
  2.0641949E-02
 -1.8847635E-02
  2.8609302E-02
 -2.9982524E-02
  4.6200726E-02
 -6.0180135E-02
  0.1123314    
 -0.3447227    
 -0.5490333    
  7.8191645E-02
 -0.1054131    
  4.2183854E-02
 -6.9301359E-02
  2.9474042E-02
 -5.9763759E-02
  2.6258960E-02
 -5.9597321E-02
  3.0408500E-02
 -6.9754973E-02
  5.1115651E-02
 -0.1324139    
  0.6058999    
  0.2403243    
 -4.3986406E-02
  4.0905669E-02
 -2.0924779E-02
  1.7876582E-02
 -1.2640674E-02
  9.7162900E-03
 -8.5193291E-03
  5.4983790E-03
 -6.1091436E-03
  2.6350028E-03
 -1.3279201E-03
  5.7135527E-03
 -3.7128830E-03
  2.8228690E-03
 -3.0989854E-03
  1.7787333E-03
 -2.6240952E-03
  1.1301948E-03
 -3.0238826E-03
  6.6465244E-04
 -2.1910500E-03
 -1.3292601E-04
 -1.9074088E-03
  5.8526435E-05
 -1.6956499E-03
 -1.4403526E-04
 -2.0570015E-03
 -2.2966640E-04
 -1.5831090E-03
 -3.7589137E-04
 -1.7106533E-03
  1.3851697E-04
 -7.3218957E-04
 -4.5117573E-04
 -7.8407960E-04
  1.0758374E-04
 -1.0871121E-03
 -1.7010338E-04
 -1.0821824E-03
 -7.6659350E-04
 -1.0901353E-03
 -3.1322567E-04
 -6.1863125E-04
  6.3190400E-04
 -1.5121825E-04
  4.7863871E-04
  2.7495495E-05
  4.6987060E-04
 -6.1491324E-04
  7.2260632E-04
  7.1490038E-05
  8.6502614E-04
  4.2400215E-04
  1.7274868E-03
  7.2262704E-04
  1.3427773E-03
  2.7648822E-04
  9.9503144E-04
  1.4608933E-04
  1.0961114E-03
  1.6076668E-04
  1.6850923E-03
  9.2277012E-04
  1.3761411E-03
  8.0745853E-04
  2.2867178E-03
 -1.5805962E-03
 -1.6737898E-03
 -2.1374668E-03
  8.1475719E-04
 -2.8137569E-03
 -1.6026791E-03
 -3.3601155E-03
 -2.0378267E-03
 -3.9022127E-03
 -2.2984170E-03
 -4.5681214E-03
 -2.8846362E-03
 -6.2021511E-03
 -3.1609272E-03
 -3.1322739E-03
 -7.2992407E-04
 -5.2084667E-03
 -2.8265023E-03
 -4.3594344E-03
 -8.8463561E-04
 -5.7455781E-03
  8.8990340E-04
 -1.0305757E-02
  4.3602854E-02
  2.2209594E-02
 -1.1737265E-03
  5.3848010E-03
 -4.0308165E-05
  3.4941460E-03
  1.1538500E-03
  2.9027981E-03
  2.1590039E-03
  2.7515111E-03
  3.0438707E-03
  2.1241356E-03
  5.4628262E-03
 -2.8684444E-03
 -5.0059736E-02
 -3.6287329E-03
 -3.6805272E-03
 -4.8755837E-04
  9.8737574E-04
  3.5425178E-03
 -1.6947944E-03
  1.4048228E-03
 -1.3497691E-03
  1.3139079E-03
 -8.8120182E-04
  1.2098437E-03
 -1.1155838E-03
  9.0629200E-04
 -6.8314455E-04
  1.2180259E-03
 -9.5855247E-04
 -1.6893190E-03
 -5.3338120E-03
 -1.1472912E-03
 -6.4331759E-04
 -1.3160752E-04
 -8.6033245E-04
 -2.9361330E-04
 -7.4211677E-04
 -1.9905121E-04
 -6.5941311E-04
 -2.2453727E-04
 -4.4881174E-04
 -5.3851615E-04
  1.0877054E-03
  2.1265291E-03
 -2.5855575E-04
  7.0563552E-04
 -3.2673965E-04
  6.3268258E-04
 -8.4074447E-05
  7.4065814E-04
 -6.3540705E-05
  7.4348820E-04
  4.1748135E-05
  5.7820231E-04
  1.9770695E-04
  8.1847876E-04
  1.1374883E-05
  5.8999367E-04
 -5.2527495E-05
  4.7496907E-04
 -6.2407693E-05
  5.7167583E-04
  5.0202769E-05
  4.6277299E-04
 -1.5261467E-05
  3.9734118E-04
  1.9751431E-05
  4.9351691E-04
 -2.4168963E-04
  3.9319057E-04
  1.3575537E-04
 -3.4921296E-04
 -1.0357077E-03
 -7.3899119E-04
 -1.2573705E-03
 -1.0295770E-03
 -1.5446413E-03
 -1.2182908E-03
 -1.8142663E-03
 -1.6060098E-03
 -1.8696612E-03
 -1.2640684E-03
 -1.7459802E-03
 -1.6929257E-03
 -1.7168346E-03
 -4.1718667E-04
 -6.8851036E-04
 -3.5680723E-04
 -7.2307012E-04
 -3.1285183E-04
 -6.1576598E-04
 -1.7595886E-04
 -3.6968428E-04
 -1.0955322E-05
 -5.8234792E-04
 -5.7392754E-04
 -7.2479143E-04
 -2.6160065E-04
 -7.9053722E-04
 -4.8555544E-04
 -8.9427084E-04
 -2.7963764E-04
 -9.4943424E-04
 -4.9061328E-03
 -2.2435531E-03
 -1.0417422E-03
 -1.4814169E-03
 -9.4725972E-04
 -1.4636735E-03
 -9.0758386E-04
 -1.7526946E-03
 -1.1128110E-03
 -1.7631194E-03
 -1.2383196E-03
 -1.8075383E-03
 -1.6488549E-03
 -5.5909622E-04
  3.4010960E-03
 -2.4770570E-03
  6.7315681E-04
 -4.0141414E-03
  2.2363793E-02
  1.0417284E-02
  6.3405070E-04
  2.1872038E-03
  4.5045928E-04
  1.1814089E-03
  7.0257799E-04
  9.4885309E-04
  1.1443583E-03
  7.4650254E-04
  1.6785049E-03
 -2.7048320E-04
  2.3860952E-03
 -3.0562924E-03
 -2.4392262E-02
 -2.3086900E-03
 -2.5228420E-03
  1.2074676E-04
 -1.3158214E-03
  2.5186859E-04
 -9.4311405E-04
  1.9341285E-04
 -8.0783374E-04
  1.8716339E-04
 -6.8971544E-04
  1.0622301E-03
 -7.6314481E-04
 -1.1323628E-04
 -6.0820550E-04
  4.1028135E-05
 -5.3456024E-04
 -1.5930331E-05
 -5.8353710E-04
 -5.3837663E-05
 -5.5189303E-04
 -8.2201324E-05
 -6.3273427E-04
 -1.0714249E-04
 -6.9444225E-04
 -1.8585454E-04
 -7.1407750E-04
 -2.3548731E-04
 -6.7641062E-04
 -2.6305864E-04
 -7.1524899E-04
 -2.1637294E-04
 -6.6158420E-04
 -2.6911264E-04
 -7.5561798E-04
 -2.4550402E-04
 -7.3497044E-04
 -2.9462518E-04
 -6.9310120E-04
 -3.1885025E-04
 -7.6057453E-04
 -1.2844149E-04
 -5.2101148E-04
 -5.3555967E-05
 -5.4911443E-04
 -1.1808411E-04
 -5.3803949E-04
 -7.6261524E-05
 -4.9153226E-04
 -3.1449134E-05
 -4.6449306E-04
 -7.3161937E-05
 -4.9568788E-04
 -1.9420550E-05
 -5.5231445E-04
 -3.1828176E-04
 -7.9638499E-04
 -3.6318772E-04
 -7.5784285E-04
 -3.1349558E-04
 -9.1450161E-04
 -2.5684556E-03
 -1.3081988E-03
 -5.5404264E-04
 -8.4861694E-04
 -4.0706981E-04
 -8.1041700E-04
 -4.7998640E-04
 -5.7704654E-04
 -2.4550495E-04
 -4.9719249E-04
 -4.3376989E-04
 -3.1351254E-04
 -4.2133033E-06
  5.7367259E-04
  1.9445439E-03
 -4.1981804E-04
  2.5578224E-04
 -4.6706357E-04
  1.7763159E-04
 -2.9950135E-04
  1.6980272E-04
 -5.6860421E-04
  6.2840758E-05
 -3.7071400E-04
  2.9281664E-04
 -6.0988427E-04
 -1.6343995E-04
 -3.6254089E-04
  1.3078903E-04
 -4.6012289E-04
 -4.7508166E-03
 -2.0708614E-03
 -5.9174036E-04
 -9.6850074E-04
 -3.9057960E-04
 -7.6031277E-04
 -4.4358181E-04
 -7.8865106E-04
 -5.3970516E-04
 -7.7636307E-04
 -6.6254265E-04
 -5.5972149E-04
 -1.0452269E-03
  9.0769806E-04
  4.1847350E-03
 -3.8867607E-04
  5.0344237E-04
 -6.4828387E-04
 -1.7970415E-04
 -9.8791148E-04
  1.1680179E-04
 -7.3944300E-04
  5.3491996E-05
 -7.7451568E-04
 -2.3520464E-05
 -8.7637990E-04
  1.2609904E-05
 -7.3331408E-04
 -5.6392775E-05
 -7.7111879E-04
 -7.4224779E-05
 -5.7268701E-04
  4.4051095E-04
 -6.1394810E-04
 -5.5958662E-05
 -7.3022617E-04
 -7.0201349E-07
 -6.7922543E-04
  7.4105628E-06
 -6.7145063E-04
 -1.7061335E-05
 -6.8417366E-04
 -2.1295069E-05
 -6.5971230E-04
 -9.3560317E-05
 -8.1051688E-04
 -5.1521638E-05
 -7.2650932E-04
  2.1082553E-05
 -7.1859558E-04
 -3.4725817E-05
 -7.3695660E-04
 -4.7231326E-05
 -7.3586660E-04
 -5.6028861E-05
 -7.7115791E-04
 -8.4884290E-05
 -7.9919718E-04
 -8.3235442E-05
 -7.8781554E-04
 -7.8970537E-05
 -8.1301015E-04
 -1.4570884E-04
 -8.2348631E-04
 -1.3590200E-04
 -8.2618988E-04
 -1.4391309E-04
 -8.4593444E-04
 -1.3601396E-04
 -8.1251253E-04
 -1.1313800E-04
 -8.2675903E-04
 -1.6422843E-04
 -7.8802137E-04
 -1.0811314E-03
 -9.3621609E-04
 -3.9180304E-05
 -7.5704366E-04
 -9.0196554E-06
 -7.1224116E-04
  3.1130941E-05
 -6.6056021E-04
  6.6556968E-06
 -6.7344104E-04
 -3.5635021E-06
 -5.6954694E-04
 -8.2176935E-05
 -4.0642874E-04
  8.9767412E-04
 -8.6650613E-04
  1.1937026E-04
 -8.2676450E-04
  3.2451178E-05
 -8.1836665E-04
 -1.2336182E-05
 -8.4577099E-04
  2.6612368E-05
 -8.0734334E-04
 -1.5369733E-06
 -8.7318616E-04
  4.2065250E-05
 -7.8391179E-04
  4.4889806E-05
 -8.8910456E-04
  7.9981779E-05
 -1.0918992E-04
  1.9415715E-04
 -7.0460018E-04
  9.9160010E-05
 -7.1291858E-04
  1.0074230E-04
 -7.3999469E-04
  1.1921526E-04
 -6.4834976E-04
  7.1660528E-05
 -7.2292669E-04
  4.9581431E-05
 -5.9500214E-04
 -2.3780375E-04
 -1.3291063E-03
  7.7095901E-05
 -8.5164059E-04
  1.8857766E-04
 -2.0928206E-03
 -5.2645477E-04
 -9.6968515E-04
 -1.5594090E-04
 -9.1851864E-04
 -1.5478872E-06
 -8.4950193E-04
  5.4158503E-05
 -9.2463871E-04
  1.4607969E-05
 -9.3483448E-04
  9.9276280E-05
 -1.0627141E-03
  2.7062793E-04
  3.9646900E-04
  2.0410735E-04
 -6.3697877E-04
  7.2167284E-05
 -7.7417539E-04
  1.8287101E-05
 -8.5402577E-04
  5.8695732E-06
 -8.3684741E-04
  4.1745370E-05
 -7.0319622E-04
 -1.0562071E-05
 -8.1875775E-04
  7.9198973E-05
 -8.1253226E-04
  6.9047353E-05
 -8.3997491E-04
  7.0855021E-05
 -8.2993414E-04
  8.6739194E-05
 -8.2125713E-04
  9.0400805E-05
 -8.1238413E-04
  7.6670549E-06
 -9.7006664E-04
  1.0054972E-04
 -8.7339652E-04
  1.1715232E-04
 -9.0658874E-04
  1.7568484E-04
 -5.1098084E-04
  2.0682145E-04
 -8.3444931E-04
  1.4145501E-04
 -8.5137587E-04
  1.5348094E-04
 -8.5174461E-04
  1.7348674E-04
 -8.5951801E-04
  1.9983653E-04
 -8.7726035E-04
  1.7495945E-04
 -7.8112679E-04
  2.2873224E-05
 -1.2902513E-03
  2.3556731E-04
 -1.1468366E-03
  4.1375877E-04
 -6.1252872E-03
 -3.0638266E-03
 -1.3697851E-03
 -4.3881635E-04
 -9.5194986E-04
 -1.5312982E-04
 -9.2003762E-04
 -5.6904479E-05
 -1.0403409E-03
  9.2360482E-05
 -1.0208774E-03
  2.2247204E-04
 -1.2135789E-03
  1.5423833E-03
  4.9857870E-03
  1.5108894E-03
 -1.4896784E-04
  2.1343734E-04
 -6.1411480E-04
  1.3564943E-04
 -7.1386853E-04
  1.1816321E-04
 -7.5640844E-04
  1.3150196E-04
 -8.1203424E-04
  2.1129905E-05
 -9.2460366E-04
 -9.8174321E-05
 -8.4094494E-04
  7.6713681E-05
 -8.1620243E-04
  1.0793793E-04
 -8.1974745E-04
  9.8090677E-05
 -8.2495424E-04
  1.1371603E-04
 -8.5586618E-04
  3.7141348E-05
 -8.1603229E-04
  1.7311485E-04
 -8.4890495E-04
  1.1185723E-04
 -8.4804359E-04
  5.4686947E-04
 -7.1699731E-04
  1.6961354E-04
 -8.5134048E-04
  1.5026805E-04
 -8.8416843E-04
  1.3962519E-04
 -8.6633972E-04
  1.9641718E-04
 -8.7734731E-04
  1.8219664E-04
 -9.3922624E-04
  1.7171915E-04
 -1.1239273E-03
 -3.3273158E-04
 -1.0967078E-03
 -3.7581194E-06
 -9.1850001E-04
  1.9782581E-04
 -8.2818966E-04
  2.0040668E-04
 -8.4015605E-04
  2.1594411E-04
 -8.5785787E-04
  2.9397677E-04
 -6.3038501E-04
  2.4074342E-04
 -9.9923427E-04
  4.3603068E-05
 -1.0022278E-03
  6.7870889E-05
 -1.1107702E-03
 -6.1219209E-05
 -1.1101665E-03
  8.9838868E-06
 -1.1169971E-03
 -7.6928205E-05
 -1.2894291E-03
 -2.9984582E-04
 -1.3255718E-03
  1.1026932E-04
 -8.5273769E-04
  3.3780167E-04
 -8.7171624E-04
  1.7031902E-04
 -1.0000179E-03
  1.0670713E-04
 -8.3705084E-04
  4.8917055E-04
 -6.1849738E-04
  5.7448598E-04
 -5.4113957E-04
  5.5598968E-04
 -7.1326690E-04
  4.2128781E-04
 -7.7731517E-04
  3.4229786E-04
 -7.9365924E-04
  4.6558151E-04
 -7.8666722E-04
  1.8445737E-04
 -1.2560382E-03
  7.6894648E-04
 -8.6489320E-04
  1.0932932E-04
 -9.6584135E-04
  2.4603869E-04
 -1.0325095E-03
  1.0160566E-04
 -1.1141497E-03
  1.5322500E-04
 -1.1074163E-03
  1.6219166E-04
 -9.6793356E-04
  4.8461001E-04
 -1.3958091E-03
 -6.6728605E-04
 -1.1022623E-03
  1.6595903E-04
 -1.1090289E-03
  1.7453483E-04
 -9.8239665E-04
  2.2461926E-04
 -9.9079765E-04
  2.4786583E-04
 -1.1069229E-03
  2.4004132E-04
 -8.1828772E-04
  4.0175850E-04
 -7.4533850E-04
  2.8265416E-04
 -9.4009284E-04
  2.4833690E-04
 -1.0698730E-03
  9.1695954E-05
 -1.0241597E-03
  2.3252962E-04
 -1.0000396E-03
  2.5938926E-04
 -8.8485330E-04
  1.4493786E-04
 -1.2032605E-03
  1.7604980E-04
 -1.1127470E-03
  1.5436413E-04
 -1.2921435E-03
  1.2045560E-04
 -1.0792700E-03
  2.5464976E-04
 -1.0631828E-03
  2.8542787E-04
 -1.0339548E-03
  2.6317345E-04
 -1.1579073E-03
  3.0280076E-04
 -9.8918052E-04
  3.8486961E-04
 -9.5045322E-04
  4.6232817E-04
 -8.7859365E-04
  4.1009838E-04
 -9.6912682E-04
  3.7120181E-04
 -8.9813210E-04
  4.5727383E-04
 -9.8357443E-04
  3.8558230E-04
 -1.0053264E-03
  2.2588004E-04
 -1.1882694E-03
  1.7302766E-04
 -1.1522355E-03
  2.6393213E-04
 -1.1198040E-03
  2.4072555E-04
 -1.1515084E-03
  3.4242016E-04
 -1.0501434E-03
  3.2130661E-04
 -1.1181512E-03
  2.9633674E-04
 -1.1844197E-03
  2.4175397E-04
 -1.1863242E-03
  2.3888642E-04
 -1.1417485E-03
  3.5206266E-04
 -1.1021198E-03
  3.7055995E-04
 -1.1512497E-03
  1.0179408E-04
 -1.4077576E-03
  1.7095378E-04
 -1.1826650E-03
  1.0906310E-03
 -6.3241483E-04
  4.9676932E-04
 -9.2422671E-04
  5.1241159E-04
 -9.6383307E-04
  5.5301131E-04
 -9.2099956E-04
  4.9395172E-04
 -1.0682747E-03
  5.0012849E-04
 -1.1312237E-03
  8.1166474E-04
  7.0198730E-04
  4.1285474E-04
 -8.8158273E-04
  5.2132912E-04
 -9.1899827E-04
  4.0493664E-04
 -1.0739820E-03
  2.2612404E-04
 -1.1219858E-03
  3.3500537E-04
 -9.6165133E-04
  2.9992833E-04
 -8.5124560E-04
 -6.2385469E-04
 -2.8975692E-03
  4.3538661E-05
 -1.3553208E-03
  3.9257153E-04
 -8.1933336E-04
  7.5407315E-04
 -1.0771503E-03
  5.5538514E-04
 -1.1628510E-03
  4.4115414E-04
 -1.2286644E-03
  3.8571339E-04
 -1.2337558E-03
  3.8669640E-04
 -1.2071391E-03
  3.6011435E-04
 -1.2747643E-03
  2.5942005E-04
 -1.7269485E-03
  1.8224787E-04
 -1.3703805E-03
  2.9944317E-04
 -1.3287452E-03
  3.5066358E-04
 -1.2481158E-03
  4.2358300E-04
 -1.2084885E-03
  4.6047833E-04
 -1.3228040E-03
  3.4188750E-04
 -1.2833149E-03
  3.9489343E-04
 -1.2917602E-03
  4.0349559E-04
 -1.2183072E-03
  5.4950733E-04
 -1.1203213E-03
  5.6715671E-04
 -1.1315417E-03
  5.7474477E-04
 -1.1684274E-03
  5.7923980E-04
 -1.0230519E-03
  6.5607263E-04
 -1.0913372E-03
  6.2784355E-04
 -1.0567603E-03
  5.9633679E-04
 -1.1399917E-03
  5.7959731E-04
 -1.2492337E-03
  3.9067256E-04
 -1.3708017E-03
  3.6866750E-04
 -1.3819593E-03
  3.4449089E-04
 -1.3839476E-03
  4.3467435E-04
 -1.3150529E-03
  3.9528447E-04
 -1.3992566E-03
  3.9544646E-04
 -1.4139581E-03
  4.3664037E-04
 -1.2118754E-03
  6.9528655E-04
 -1.1268916E-03
  5.1861675E-04
 -1.3186368E-03
  4.8791865E-04
 -1.3537108E-03
  4.5601590E-04
 -1.3122215E-03
  4.5589832E-04
 -1.3782751E-03
  4.8069257E-04
 -1.3475283E-03
  3.8342641E-04
 -1.5828511E-03
  2.5306889E-04
 -1.4494858E-03
  5.4283196E-04
 -1.2540189E-03
  5.8174483E-04
 -1.3482693E-03
  3.8490215E-04
 -1.5073762E-03
  4.5481217E-04
 -1.2346775E-03
  7.4919604E-04
 -1.2454374E-03
  3.3502272E-04
 -1.1534026E-03
  7.5616431E-04
 -1.0238060E-03
  7.4059679E-04
 -5.9654127E-04
  1.1962223E-03
 -1.0342814E-03
  8.7782752E-04
 -1.0649868E-03
  7.3605415E-04
 -1.3513688E-03
  4.3249808E-04
 -1.2456671E-03
  8.2238181E-04
 -1.4093851E-03
  5.1536912E-04
 -1.5373889E-03
 -1.4917503E-04
 -2.4955980E-03
  4.5114721E-05
 -1.7234919E-03
  3.1474369E-04
 -1.5722727E-03
  5.2505848E-04
 -1.4647699E-03
  6.0752325E-04
 -1.2969889E-03
  6.9132703E-04
 -1.3222696E-03
  6.0304743E-04
 -1.1376507E-03
  1.2055831E-03
 -1.1530186E-03
  7.9727592E-04
 -1.3325784E-03
  6.9995003E-04
 -1.4804304E-03
  5.5213587E-04
 -1.4996347E-03
  5.7843653E-04
 -1.4646368E-03
  5.8399071E-04
 -1.6081387E-03
  3.5452659E-04
 -1.7307010E-03
  4.7540475E-04
 -1.5609101E-03
  6.1400339E-04
 -1.4744906E-03
  6.2941329E-04
 -1.4898063E-03
  6.9627725E-04
 -1.3809855E-03
  7.0683379E-04
 -1.5425098E-03
  6.0338236E-04
 -1.4112354E-03
  8.4222306E-04
 -1.3584988E-03
  7.0550328E-04
 -1.5011772E-03
  6.4673950E-04
 -1.4367420E-03
  8.4340014E-04
 -1.3501155E-03
  6.9615699E-04
 -1.5728519E-03
  6.0840894E-04
 -1.5637106E-03
  6.8054802E-04
 -1.4983321E-03
  7.3422620E-04
 -1.4157388E-03
  8.6627342E-04
 -1.3347275E-03
  8.1727945E-04
 -1.4923317E-03
  7.1323209E-04
 -1.5376298E-03
  7.4102613E-04
 -1.5005016E-03
  7.8928028E-04
 -1.4626032E-03
  7.5935712E-04
 -1.5661184E-03
  6.5283373E-04
 -1.7099979E-03
  5.5450655E-04
 -1.6488024E-03
  7.4817531E-04
 -1.6172866E-03
  6.3467247E-04
 -1.7257307E-03
  6.3068816E-04
 -1.5822185E-03
  9.1952155E-04
 -1.4536672E-03
  8.3788845E-04
 -1.5744115E-03
  8.6260552E-04
 -1.5208044E-03
  8.9788274E-04
 -1.5397330E-03
  9.6505857E-04
 -1.4338960E-03
  1.0281745E-03
 -1.4919154E-03
  1.0153003E-03
 -1.6504141E-03
  4.9165334E-03
  1.8428370E-03
  1.9940645E-03
 -7.3986838E-04
  1.1602502E-03
 -1.2858041E-03
  8.4847026E-04
 -1.5744593E-03
  7.9349370E-04
 -1.6044280E-03
  9.3618385E-04
 -1.6387485E-03
  1.1269590E-03
 -2.8710493E-03
 -4.1217557E-03
 -3.8349233E-03
 -2.3260042E-04
 -2.0299421E-03
  4.9622206E-04
 -1.7327912E-03
  7.3582958E-04
 -1.6451133E-03
  7.0649222E-04
 -1.6758977E-03
  7.7785749E-04
 -1.6646765E-03
  8.2831876E-04
 -1.4708533E-03
  8.8478497E-04
 -1.5118126E-03
  9.0788375E-04
 -1.6037986E-03
  8.5227541E-04
 -1.5577538E-03
  9.6455577E-04
 -1.4444083E-03
  1.0684194E-03
 -1.4224127E-03
  1.0770479E-03
 -1.4122131E-03
  1.0815191E-03
 -1.4756926E-03
  9.9392666E-04
 -1.5669108E-03
  9.8010607E-04
 -1.4944947E-03
  1.0327284E-03
 -1.5890851E-03
  8.8534434E-04
 -1.7392549E-03
  7.8562740E-04
 -1.8134287E-03
  7.6486426E-04
 -1.8386567E-03
  7.4926473E-04
 -1.8331758E-03
  8.0098910E-04
 -1.7729129E-03
  8.4816711E-04
 -1.7773807E-03
  8.7859179E-04
 -1.7492312E-03
  9.0401783E-04
 -1.7174161E-03
  1.0080250E-03
 -1.6014485E-03
  1.0842414E-03
 -1.5683633E-03
  1.0628209E-03
 -1.6707504E-03
  9.5803617E-04
 -1.7267375E-03
  1.0650145E-03
 -1.5898641E-03
  1.1025671E-03
 -1.6365910E-03
  1.0037812E-03
 -1.8180347E-03
  8.5542945E-04
 -1.8850542E-03
  8.3844794E-04
 -1.9035811E-03
  9.0088043E-04
 -1.8565620E-03
  8.6409191E-04
 -2.0029696E-03
  7.4047328E-04
 -1.9364413E-03
  1.0553581E-03
 -1.6379500E-03
  1.2171641E-03
 -1.5923842E-03
  1.1943507E-03
 -1.6683389E-03
  1.1800630E-03
 -1.6273283E-03
  1.2465733E-03
 -1.5559305E-03
  1.3615309E-03
 -1.5124875E-03
  1.2899429E-03
 -1.6882038E-03
  1.0549830E-03
 -1.8683830E-03
  9.6402050E-04
 -2.8964535E-03
  2.5893081E-04
 -2.2088361E-03
  7.6501840E-04
 -2.1340090E-03
  7.7972375E-04
 -2.1416636E-03
  8.2472083E-04
 -2.0791106E-03
  8.8206667E-04
 -2.1030672E-03
  9.1806508E-04
 -2.1415036E-03
  1.3600634E-03
 -8.6553860E-04
  1.5235048E-03
 -1.6484851E-03
  1.2694043E-03
 -1.8737300E-03
  1.0533205E-03
 -1.7954648E-03
  1.1786553E-03
 -1.8080189E-03
  1.1790957E-03
 -1.8159940E-03
  1.2240171E-03
 -1.8371020E-03
  1.1403797E-03
 -1.8292611E-03
  1.2167394E-03
 -1.8196317E-03
  1.3398363E-03
 -1.5357510E-03
  1.3692077E-03
 -1.8655678E-03
  1.1286157E-03
 -1.9541346E-03
  1.1527372E-03
 -1.9438365E-03
  1.1724547E-03
 -1.9337999E-03
  1.1450825E-03
 -2.0177083E-03
  1.1122411E-03
 -2.0651671E-03
  1.0244552E-03
 -2.0675228E-03
  1.1312244E-03
 -1.9845658E-03
  1.1834757E-03
 -2.0231621E-03
  1.1262258E-03
 -2.0557335E-03
  1.1644956E-03
 -2.0058204E-03
  1.1926398E-03
 -2.0687301E-03
  1.1293723E-03
 -2.0966227E-03
  1.1353934E-03
 -2.0707261E-03
  1.2404368E-03
 -1.9772174E-03
  1.3007761E-03
 -1.9729969E-03
  1.2720994E-03
 -2.0632436E-03
  1.1635724E-03
 -2.1163663E-03
  1.2915096E-03
 -1.8996792E-03
  1.4512638E-03
 -1.8740443E-03
  1.4345542E-03
 -1.9463768E-03
  1.3340364E-03
 -2.0346991E-03
  1.2951227E-03
 -2.0536510E-03
  1.3197763E-03
 -2.0248352E-03
  1.3666991E-03
 -2.0340765E-03
  1.3391637E-03
 -2.0732593E-03
  1.3352232E-03
 -2.0877691E-03
  1.3097983E-03
 -2.1409439E-03
  1.2721907E-03
 -2.1762925E-03
  1.3231583E-03
 -2.0989229E-03
  1.4100119E-03
 -2.0412423E-03
  1.4589819E-03
 -2.0166393E-03
  1.4562669E-03
 -2.0609992E-03
  1.3751417E-03
 -2.1681301E-03
  1.3273004E-03
 -2.1969294E-03
  1.3306479E-03
 -2.1577850E-03
  1.5596048E-03
 -2.0414586E-03
  1.4294380E-03
 -2.1603671E-03
  1.3687150E-03
 -2.3011360E-03
  1.1929623E-03
 -2.3764386E-03
  1.2995022E-03
 -2.2516686E-03
  1.3991919E-03
 -2.1858367E-03
  1.4591817E-03
 -2.3262829E-03
  1.2109204E-03
 -2.2362899E-03
  1.4755345E-03
 -2.1381322E-03
  8.8400301E-04
 -2.8103811E-03
  1.2222885E-03
 -2.3879912E-03
  1.4592570E-03
 -2.1799123E-03
  1.6213272E-03
 -2.0857942E-03
  1.6738077E-03
 -2.0860541E-03
  1.5654733E-03
 -2.2543182E-03
  1.4528721E-03
 -2.1256055E-03
  2.2620794E-03
 -1.8103000E-03
  1.7769978E-03
 -2.1643857E-03
  1.5534940E-03
 -2.3408732E-03
  1.4287304E-03
 -2.4592986E-03
  1.4038727E-03
 -2.4184440E-03
  1.4354311E-03
 -2.4837770E-03
  1.3379448E-03
 -2.5545228E-03
  1.3766374E-03
 -2.5091481E-03
  1.4205158E-03
 -2.4670274E-03
  1.4718031E-03
 -2.4573922E-03
  1.5023476E-03
 -2.3998863E-03
  1.5528923E-03
 -2.3989675E-03
  1.6151973E-03
 -2.3152484E-03
  1.7282056E-03
 -2.1953259E-03
  1.8765583E-03
 -2.1182804E-03
  1.8761716E-03
 -2.1572518E-03
  1.8741860E-03
 -2.1238683E-03
  1.9064700E-03
 -2.2412552E-03
  1.7470949E-03
 -2.3991275E-03
  1.6444166E-03
 -2.4378342E-03
  1.6501179E-03
 -2.4827106E-03
  1.5820017E-03
 -2.5784799E-03
  1.5261342E-03
 -2.6220281E-03
  1.5100150E-03
 -2.6802251E-03
  1.5303479E-03
 -2.5734594E-03
  1.6100405E-03
 -2.5574525E-03
  1.6413658E-03
 -2.5454049E-03
  1.6759998E-03
 -2.5225033E-03
  1.7456940E-03
 -2.4527039E-03
  1.7803629E-03
 -2.5069730E-03
  1.6945723E-03
 -2.4167367E-03
  1.8585679E-03
 -2.4697019E-03
  1.8604806E-03
 -2.4293491E-03
  1.8807783E-03
 -2.4848566E-03
  1.8199821E-03
 -2.5227854E-03
  1.8438216E-03
 -2.4782927E-03
  1.8709131E-03
 -2.5236460E-03
  1.8037265E-03
 -2.7344599E-03
  1.7565623E-03
 -2.5899922E-03
  1.8532214E-03
 -2.5687739E-03
  1.9005976E-03
 -2.5156168E-03
  1.9445278E-03
 -2.5390137E-03
  1.8824044E-03
 -2.6423067E-03
  1.8745515E-03
 -2.5623809E-03
  1.9484210E-03
 -2.5806462E-03
  1.9383017E-03
 -2.3859148E-03
  2.1095425E-03
 -2.6022131E-03
  1.8990278E-03
 -2.7130139E-03
  1.8425853E-03
 -2.7806410E-03
  1.8029154E-03
 -2.8084668E-03
  1.8077540E-03
 -2.8008793E-03
  1.8708926E-03
 -2.7419848E-03
  1.8022055E-03
 -3.0788707E-03
  1.7178269E-03
 -2.8800466E-03
  1.8511167E-03
 -2.8126386E-03
  1.9511603E-03
 -2.7340930E-03
  2.0501020E-03
 -2.6766839E-03
  2.0838403E-03
 -2.7045500E-03
  2.0386756E-03
 -2.7506081E-03
  2.0635228E-03
 -2.7077480E-03
  2.1183400E-03
 -2.7186861E-03
  2.0837674E-03
 -2.7906464E-03
  2.0675287E-03
 -2.8090961E-03
  2.0270194E-03
 -2.8572776E-03
  2.0767292E-03
 -2.7669454E-03
  2.1544290E-03
 -2.7711086E-03
  2.1175903E-03
 -2.8636607E-03
  2.0613354E-03
 -2.8918942E-03
  2.0862767E-03
 -2.9245203E-03
  2.0298394E-03
 -2.9354212E-03
  2.1313615E-03
 -2.8802862E-03
  2.1263810E-03
 -2.9264758E-03
  2.1172427E-03
 -2.9329234E-03
  2.1523139E-03
 -2.9291350E-03
  2.1471123E-03
 -2.9773938E-03
  2.1325629E-03
 -2.9596880E-03
  2.1890984E-03
 -2.9669101E-03
  2.1804548E-03
 -2.9633851E-03
  2.2010247E-03
 -3.0070452E-03
  2.1642018E-03
 -3.0313244E-03
  2.2152408E-03
 -2.9829794E-03
  2.3126057E-03
 -2.9064475E-03
  2.3703412E-03
 -2.8693492E-03
  2.3548496E-03
 -2.9649183E-03
  2.3372769E-03
 -2.9902351E-03
  2.3186558E-03
 -2.9802823E-03
  2.4247658E-03
 -2.9731677E-03
  2.3545488E-03
 -3.0474646E-03
  2.3142269E-03
 -3.0855208E-03
  2.2930547E-03
 -3.1567640E-03
  2.3127676E-03
 -3.1336667E-03
  2.2995532E-03
 -3.1939170E-03
  2.2728429E-03
 -3.2745714E-03
  2.1954761E-03
 -3.3028268E-03
  2.2189352E-03
 -3.3176509E-03
  2.2363095E-03
 -3.3122017E-03
  2.2828367E-03
 -3.2673220E-03
  2.3370809E-03
 -3.2891806E-03
  2.2689682E-03
 -3.3332275E-03
  2.3535253E-03
 -3.2350216E-03
  2.4746519E-03
 -3.1681394E-03
  2.5337138E-03
 -3.1344148E-03
  2.6211685E-03
 -3.0768181E-03
  2.6574233E-03
 -3.0858694E-03
  2.6470395E-03
 -3.1064991E-03
  2.6876472E-03
 -3.1620460E-03
  2.6173131E-03
 -3.2296146E-03
  2.6606962E-03
 -3.1604385E-03
  2.6527985E-03
 -3.2565834E-03
  2.5385688E-03
 -3.4029924E-03
  2.4724803E-03
 -3.4287332E-03
  2.4877163E-03
 -3.4316673E-03
  2.5770445E-03
 -3.3277520E-03
  2.6551785E-03
 -3.3534497E-03
  2.5714589E-03
 -3.4236365E-03
  2.6085395E-03
 -3.4196107E-03
  2.6476202E-03
 -3.4025076E-03
  2.6769980E-03
 -3.4087494E-03
  2.7070453E-03
 -3.4220787E-03
  2.6623001E-03
 -3.5096377E-03
  2.6389747E-03
 -3.5471935E-03
  2.6187778E-03
 -3.5769418E-03
  2.6130180E-03
 -3.6091383E-03
  2.6529438E-03
 -3.5502187E-03
  2.7329507E-03
 -3.5241833E-03
  2.7695203E-03
 -3.5156803E-03
  2.8000006E-03
 -3.5251386E-03
  2.8015035E-03
 -3.5320972E-03
  2.8482873E-03
 -3.5405897E-03
  2.7942210E-03
 -3.6266930E-03
  2.7864142E-03
 -3.6828138E-03
  2.7301100E-03
 -3.7405395E-03
  2.7243984E-03
 -3.7614289E-03
  2.7442714E-03
 -3.7705514E-03
  2.7716910E-03
 -3.7666727E-03
  2.8153693E-03
 -3.6999935E-03
  2.9724399E-03
 -3.6214646E-03
  3.0110839E-03
 -3.5814159E-03
  3.2682053E-03
 -3.2472291E-03
  3.2926104E-03
 -3.4616543E-03
  3.1565155E-03
 -3.5881777E-03
  3.0984411E-03
 -3.6574306E-03
  3.0688464E-03
 -3.6901564E-03
  3.0614699E-03
 -3.7535811E-03
  3.0319809E-03
 -3.8539905E-03
  2.7426495E-03
 -4.1091121E-03
  2.8742366E-03
 -3.9589158E-03
  2.9875124E-03
 -3.8859108E-03
  3.0824223E-03
 -3.8450002E-03
  3.1179900E-03
 -3.8758051E-03
  3.0989700E-03
 -3.9217933E-03
  3.0697573E-03
 -3.9667687E-03
  3.0623786E-03
 -4.0156771E-03
  3.0666059E-03
 -4.0272730E-03
  3.0765161E-03
 -4.0633245E-03
  3.0665062E-03
 -4.0818234E-03
  3.1024283E-03
 -4.0759062E-03
  3.1152619E-03
 -4.1256608E-03
  3.1474628E-03
 -4.0466674E-03
  3.2572036E-03
 -4.0410310E-03
  3.2719481E-03
 -3.9838655E-03
  3.3841508E-03
 -3.9582429E-03
  3.4014997E-03
 -3.9897473E-03
  3.3989213E-03
 -3.9936216E-03
  3.4684397E-03
 -3.9840485E-03
  3.4241697E-03
 -4.0794094E-03
  3.4520419E-03
 -4.0099118E-03
  3.4872796E-03
 -4.1040131E-03
  3.4013649E-03
 -4.1951649E-03
  3.4118660E-03
 -4.1889180E-03
  3.4315339E-03
 -4.2132465E-03
  3.4686199E-03
 -4.1738874E-03
  3.5169325E-03
 -4.2347731E-03
  3.4646378E-03
 -4.2702304E-03
  3.5059622E-03
 -4.2766128E-03
  3.5415799E-03
 -4.2877081E-03
  3.5007659E-03
 -4.3715267E-03
  3.5021540E-03
 -4.3714535E-03
  3.5491278E-03
 -4.3596230E-03
  3.5952847E-03
 -4.3794727E-03
  3.5613095E-03
 -4.4484008E-03
  3.5657659E-03
 -4.4635683E-03
  3.5755504E-03
 -4.5278682E-03
  3.5423208E-03
 -4.5319460E-03
  3.6380240E-03
 -4.4734245E-03
  3.6939518E-03
 -4.4918424E-03
  3.7170732E-03
 -4.4684145E-03
  3.7955558E-03
 -4.4535915E-03
  3.8347505E-03
 -4.4596479E-03
  3.8595055E-03
 -4.4346554E-03
  3.9293910E-03
 -4.5658699E-03
  3.7269075E-03
 -4.6518287E-03
  3.7899469E-03
 -4.6459171E-03
  3.8323915E-03
 -4.6314648E-03
  3.8750055E-03
 -4.6698092E-03
  3.8466016E-03
 -4.7194785E-03
  3.8655195E-03
 -4.7164257E-03
  3.9850064E-03
 -4.5271059E-03
  4.1081291E-03
 -4.6626618E-03
  3.9802822E-03
 -4.7691609E-03
  3.9420160E-03
 -4.8230989E-03
  3.9764727E-03
 -4.7589042E-03
  4.1392958E-03
 -4.6873949E-03
  4.1256342E-03
 -4.8070224E-03
  4.0514478E-03
 -4.8949216E-03
  4.0414738E-03
 -4.8994012E-03
  4.1459114E-03
 -4.8231515E-03
  4.1971523E-03
 -4.8912456E-03
  4.1493783E-03
 -5.0006718E-03
  4.0664333E-03
 -5.0722971E-03
  4.1134208E-03
 -5.0698412E-03
  4.1427552E-03
 -5.0541782E-03
  4.2184601E-03
 -5.0803651E-03
  4.1700727E-03
 -5.1368065E-03
  4.2237146E-03
 -5.1169880E-03
  4.2899693E-03
 -5.0899056E-03
  4.3728678E-03
 -5.0395560E-03
  4.4686701E-03
 -5.0180950E-03
  4.5014196E-03
 -5.0472575E-03
  4.5377077E-03
 -5.0259638E-03
  4.5741792E-03
 -5.1008072E-03
  4.5442469E-03
 -5.1536066E-03
  4.5383023E-03
 -5.2144062E-03
  4.5294375E-03
 -5.2635707E-03
  4.5112511E-03
 -5.3556082E-03
  4.4814828E-03
 -5.4161497E-03
  4.4889632E-03
 -5.4297633E-03
  4.5346208E-03
 -5.4178443E-03
  4.6082828E-03
 -5.4077329E-03
  4.6324376E-03
 -5.4580537E-03
  4.6406761E-03
 -5.4580192E-03
  4.7324169E-03
 -5.4287701E-03
  4.7598798E-03
 -5.4799267E-03
  4.7455109E-03
 -5.5294088E-03
  4.7705644E-03
 -5.5733584E-03
  4.7460068E-03
 -5.6676809E-03
  4.7359029E-03
 -5.7247020E-03
  4.6955291E-03
 -5.7700234E-03
  4.7751395E-03
 -5.7192477E-03
  4.8730839E-03
 -5.7047228E-03
  4.9107764E-03
 -5.7570017E-03
  4.9147760E-03
 -5.7614567E-03
  5.0031533E-03
 -5.7236981E-03
  4.9907351E-03
 -5.7820603E-03
  5.1349313E-03
 -5.7323785E-03
  5.1718187E-03
 -5.7719182E-03
  5.1684575E-03
 -5.8296355E-03
  5.1954789E-03
 -5.8335015E-03
  5.2252379E-03
 -5.9347842E-03
  5.1553035E-03
 -5.9727216E-03
  5.3175907E-03
 -5.9376149E-03
  5.2555902E-03
 -6.0651405E-03
  5.1881522E-03
 -6.1860676E-03
  5.2295364E-03
 -6.1506205E-03
  5.2986713E-03
 -6.1710747E-03
  5.3460700E-03
 -6.1762813E-03
  5.4390314E-03
 -6.1706961E-03
  5.4645911E-03
 -6.1555910E-03
  5.4920428E-03
 -6.2059364E-03
  5.5918624E-03
 -6.1723669E-03
  5.6042299E-03
 -6.2392866E-03
  5.6160237E-03
 -6.3106483E-03
  5.6219450E-03
 -6.3330480E-03
  5.6188912E-03
 -6.3676974E-03
  5.6612105E-03
 -6.4278902E-03
  5.7200836E-03
 -6.4562019E-03
  5.7359952E-03
 -6.5128701E-03
  5.7161679E-03
 -6.6184574E-03
  5.7278625E-03
 -6.6226791E-03
  5.8119041E-03
 -6.6014007E-03
  5.9022154E-03
 -6.6137561E-03
  5.9042526E-03
 -6.7104520E-03
  5.9002009E-03
 -6.7630410E-03
  5.9394599E-03
 -6.7632962E-03
  6.0436279E-03
 -6.7485967E-03
  6.0722381E-03
 -6.8263044E-03
  6.0790605E-03
 -6.8938485E-03
  6.0779424E-03
 -6.9462745E-03
  6.1658211E-03
 -6.9110994E-03
  6.2464122E-03
 -6.9412924E-03
  6.2902705E-03
 -6.9742613E-03
  6.3184323E-03
 -7.0307991E-03
  6.3655949E-03
 -7.0542092E-03
  6.4028464E-03
 -7.1016252E-03
  6.4194258E-03
 -7.2146892E-03
  6.3711507E-03
 -7.3033203E-03
  6.4257616E-03
 -7.2996104E-03
  6.5183938E-03
 -7.3015238E-03
  6.6243787E-03
 -7.2547812E-03
  6.7375777E-03
 -7.2762910E-03
  6.7454525E-03
 -7.3658568E-03
  6.7973849E-03
 -7.3418948E-03
  6.9174906E-03
 -7.3785698E-03
  6.8924101E-03
 -7.5144935E-03
  6.8603959E-03
 -7.6239300E-03
  6.8484088E-03
 -7.6762266E-03
  6.8947403E-03
 -7.7547370E-03
  6.9456934E-03
 -7.7614198E-03
  7.0090145E-03
 -7.8544142E-03
  7.0319716E-03
 -7.8946510E-03
  7.0768916E-03
 -7.9347128E-03
  7.1620792E-03
 -7.9409275E-03
  7.2156037E-03
 -8.0436319E-03
  7.2475416E-03
 -8.0532618E-03
  7.3324624E-03
 -8.0469614E-03
  7.4969619E-03
 -8.0455085E-03
  7.5031868E-03
 -8.1036864E-03
  7.6151094E-03
 -8.1333490E-03
  7.6515549E-03
 -8.2241232E-03
  7.6720030E-03
 -8.3155762E-03
  7.6823127E-03
 -8.4121209E-03
  7.6719024E-03
 -8.6060977E-03
  7.6080351E-03
 -8.6725578E-03
  7.6954500E-03
 -8.7351520E-03
  7.7323564E-03
 -8.8037718E-03
  7.7932081E-03
 -8.8561103E-03
  7.8433519E-03
 -8.8956095E-03
  7.9654334E-03
 -8.8979872E-03
  8.1020780E-03
 -8.8860001E-03
  8.1860004E-03
 -8.9756567E-03
  8.2240524E-03
 -9.0682423E-03
  8.2443142E-03
 -9.1590863E-03
  8.3173309E-03
 -9.1935173E-03
  8.4043061E-03
 -9.2863319E-03
  8.4400540E-03
 -9.3551911E-03
