  0.0000000E+00
  6.1201886E-04
 -1.1046883E-05
  6.1534555E-04
 -2.0070293E-05
  6.2127947E-04
 -2.9272400E-05
  6.2711479E-04
 -3.5562494E-05
  6.3498091E-04
 -4.3320935E-05
  6.4106984E-04
 -5.1149982E-05
  6.5140647E-04
 -5.5655342E-05
  6.6301611E-04
 -6.1435247E-05
  6.7163032E-04
 -7.1230636E-05
  6.7961036E-04
 -7.8180863E-05
  6.8961852E-04
 -8.8456756E-05
  6.9791480E-04
 -9.7662385E-05
  7.0826226E-04
 -1.0888177E-04
  7.1532233E-04
 -1.2102624E-04
  7.2443835E-04
 -1.3081718E-04
  7.3715113E-04
 -1.4037892E-04
  7.4776693E-04
 -1.5296086E-04
  7.5937121E-04
 -1.6262787E-04
  7.7284814E-04
 -1.7265644E-04
  7.8780053E-04
 -1.8313268E-04
  8.0088887E-04
 -1.9676358E-04
  8.1435265E-04
 -2.1003900E-04
  8.2848221E-04
 -2.2309125E-04
  8.4502157E-04
 -2.3478639E-04
  8.6167513E-04
 -2.4996066E-04
  8.7614905E-04
 -2.7286532E-04
  8.7932358E-04
 -3.0066600E-04
  9.0159627E-04
 -3.0591604E-04
  9.2469912E-04
 -3.1481890E-04
  9.4994903E-04
 -3.3037239E-04
  9.7281183E-04
 -3.5039548E-04
  9.9441048E-04
 -3.7188389E-04
  1.0161244E-03
 -3.8787970E-04
  1.0486358E-03
 -4.0871734E-04
  1.0584028E-03
 -4.4694441E-04
  1.0718579E-03
 -4.8748738E-04
  1.0901636E-03
 -5.2096404E-04
  1.1116510E-03
 -5.5282773E-04
  1.1388905E-03
 -5.7990896E-04
  1.1722225E-03
 -6.0864608E-04
  1.2087402E-03
 -6.3644547E-04
  1.2481696E-03
 -6.6470413E-04
  1.2885077E-03
 -6.9704116E-04
  1.3277661E-03
 -7.3274644E-04
  1.3671202E-03
 -7.7590079E-04
  1.4003016E-03
 -8.2379032E-04
  1.4467939E-03
 -8.5416343E-04
  1.4999354E-03
 -8.8626472E-04
  1.5526274E-03
 -9.2337059E-04
  1.5981585E-03
 -9.6392562E-04
  1.6373227E-03
 -1.0039773E-03
  1.6693613E-03
 -1.0317157E-03
  1.6938815E-03
 -1.0447610E-03
  1.6809575E-03
 -1.0410087E-03
  1.6243119E-03
 -9.7744563E-04
  1.4901375E-03
 -7.9226727E-04
  1.1949292E-03
 -3.5300563E-04
  5.2045961E-04
  7.1837602E-04
 -1.2571439E-03
  3.9737397E-03
 -8.3072828E-03
  2.7842382E-02
  0.3354659    
  1.6149463E-03
  3.4646742E-02
 -1.5318714E-04
  2.9971210E-02
  3.8852391E-05
  3.0890398E-02
 -1.7634818E-03
  3.4785639E-02
 -6.8369876E-03
  4.4150218E-02
 -2.1985650E-02
  7.8672364E-02
 -0.1632793    
 -0.2347303    
  5.7162754E-02
 -3.3559982E-02
  2.8065130E-02
 -1.5693629E-02
  1.9469092E-02
 -9.1126151E-03
  1.5444943E-02
 -5.6838454E-03
  1.3131948E-02
 -3.7147354E-03
  1.2274276E-02
 -1.6274381E-03
  1.1378227E-02
 -3.3871832E-04
  1.0913323E-02
  5.5599993E-04
  1.0541776E-02
  1.2820916E-03
  1.0319008E-02
  1.8777072E-03
  1.0226724E-02
  2.3381645E-03
  1.0358377E-02
  2.6377009E-03
  9.8302877E-03
  2.0492773E-03
  1.3260275E-02
  4.0404182E-03
  5.3832890E-03
  1.1920531E-03
  5.6093908E-03
  9.2083600E-04
  5.6406036E-03
  7.8129343E-04
  5.6938566E-03
  5.5562466E-04
  5.6189760E-03
  9.5025194E-04
  7.0664701E-03
 -3.7684251E-05
  4.7981641E-03
 -8.4250970E-03
 -1.3567396E-02
  8.1477417E-03
  3.2933347E-03
  6.6763368E-03
  4.5412108E-03
  6.4791683E-03
  4.7367681E-03
  6.8869628E-03
  4.4596069E-03
  6.6455910E-03
  2.4736135E-03
  1.2677817E-02
  1.2448406E-03
  2.2162877E-02
  1.3372939E-02
 -1.4299874E-03
  5.1873322E-03
 -2.5988711E-04
  3.7694864E-03
  8.0371217E-05
  2.9857550E-03
  1.9218613E-04
  2.3887493E-03
  7.1999122E-05
  1.9848135E-03
 -4.9397554E-03
  6.8224426E-03
  5.8120922E-03
  5.9769969E-03
  6.6949427E-03
  5.4656360E-03
  7.9810647E-03
  4.1136160E-03
  1.0891292E-02
 -1.3407710E-03
  3.4892086E-02
  3.6008317E-02
 -2.6351267E-02
 -9.2063136E-03
 -2.5617011E-02
 -1.4004865E-02
 -2.5796890E-02
 -1.6029181E-02
 -2.6255673E-02
 -1.7284531E-02
 -2.7588207E-02
 -1.7734567E-02
 -3.0181617E-02
 -1.4869054E-02
 -7.3869698E-02
 -2.2245178E-02
 -3.2716632E-04
 -3.8638257E-03
 -1.7064213E-03
 -1.7601351E-03
 -2.2946266E-03
  2.4045224E-04
 -1.1814839E-03
 -1.3583382E-03
 -2.2028293E-03
 -1.1236372E-03
 -2.4686656E-03
 -8.5586775E-04
 -2.0785374E-03
 -6.9512567E-04
 -1.8891521E-03
 -6.5453385E-04
 -1.4246264E-03
 -2.4913372E-03
 -1.8097525E-02
 -3.3812786E-03
 -4.1510151E-03
 -6.0641486E-04
 -3.6657772E-03
 -6.0916669E-04
 -3.6614852E-03
 -3.9503424E-04
 -3.7447622E-03
 -2.2540343E-04
 -4.1600941E-03
  2.6353283E-04
 -5.8375886E-03
  7.9869963E-03
  9.0639675E-03
 -2.4063350E-03
 -6.8992167E-04
 -1.5638310E-03
 -1.4502226E-03
 -1.1763459E-03
 -1.7908331E-03
 -1.1173260E-03
 -2.1545182E-03
 -4.1592228E-03
 -7.7464909E-04
  1.0165914E-03
  5.2747491E-05
  1.2563256E-03
  4.6586408E-04
  1.7018357E-03
  8.1759202E-04
  1.9792013E-03
  1.1770048E-03
  2.2948082E-03
  1.7002639E-03
  2.4137325E-03
  3.4941733E-03
  5.6843106E-03
  4.2746100E-04
  2.7288911E-03
  2.2125580E-04
  2.4444277E-03
  3.5015636E-04
  2.7395443E-03
  3.8036768E-04
  3.1357694E-03
  5.4450671E-04
  8.0737155E-03
 -4.3374850E-04
  4.9110563E-03
  4.4184276E-03
 -6.3404802E-04
 -1.2095220E-04
 -1.7458911E-04
 -3.2763448E-04
 -4.7664557E-04
 -6.9155096E-05
  2.1252057E-03
 -1.7417473E-03
 -2.0780505E-04
 -3.5795299E-03
 -5.5808034E-03
  3.0533446E-04
 -6.7878691E-03
 -2.7783767E-03
  2.1260959E-05
 -1.8632928E-03
 -2.9984876E-04
 -1.9936382E-03
 -1.1561482E-04
 -3.7088867E-03
 -5.0504324E-03
 -2.1471004E-03
  2.0688793E-04
 -7.7035592E-04
  5.7832379E-04
 -4.2534000E-04
  8.2891691E-04
 -1.9688407E-04
  1.0943981E-03
  1.5262244E-04
  1.0618096E-03
  2.1315733E-04
  7.7249145E-04
  7.8421866E-04
  4.1855033E-03
 -6.2695611E-04
  4.9176277E-04
 -9.2758844E-04
  1.2711038E-04
 -1.1867912E-03
  3.5039178E-04
 -1.7645602E-03
  3.9780207E-04
 -2.2088186E-04
  1.1674333E-03
  9.3087830E-05
  1.3645821E-03
  2.1037091E-04
  1.4683201E-03
  3.0210192E-04
  1.6250396E-03
  3.8112199E-04
  1.6935051E-03
  1.1625700E-05
  1.8780085E-03
  6.1325822E-04
  6.8096037E-04
 -4.1617284E-05
  8.0507842E-04
 -1.1852826E-04
  8.5085828E-04
 -5.3002848E-05
  5.4271589E-04
 -5.7942118E-04
  8.6273171E-04
 -2.6414733E-04
  1.3623665E-03
  2.4794968E-04
  1.2317068E-03
  9.2865527E-04
  1.4679214E-03
  4.6437880E-04
  1.5902040E-03
  5.7130284E-04
  1.7370293E-03
  1.6114669E-03
  2.7535418E-03
  1.4408503E-03
  2.1990656E-03
  1.2434543E-03
  2.1263040E-03
  1.1872430E-03
  2.2835215E-03
  1.2055001E-03
  2.3097279E-03
  1.3109680E-03
  2.3578897E-03
  1.4612154E-03
  2.1464347E-03
  5.6374795E-04
  2.4253521E-03
  1.0532201E-03
  4.1983258E-03
  1.1453967E-03
  1.4184425E-03
  2.3055074E-04
  1.1052177E-03
 -6.0755265E-05
  9.8924001E-04
 -3.9312479E-04
  5.2573043E-04
 -1.0771238E-03
  4.2771269E-04
 -9.8392612E-04
  3.3406913E-04
 -1.5939131E-03
 -1.4621845E-03
 -3.3458209E-04
  7.9299236E-04
 -1.5205424E-04
  9.7832677E-04
 -2.5203705E-04
  9.2740147E-04
 -6.8266783E-04
  1.3346650E-03
 -1.4108425E-04
  1.2851591E-03
 -9.8517304E-04
  3.5736132E-03
  9.5032016E-03
  1.3234632E-03
  1.3353308E-03
  6.8096886E-04
  8.5462222E-04
  6.4429257E-04
  4.3927931E-04
  8.9193962E-04
  9.4274199E-04
  3.8209441E-04
  8.0265221E-04
 -6.6228007E-05
  1.5961819E-03
 -6.5354803E-03
 -6.9022286E-03
  7.8226376E-04
 -1.6671083E-03
  6.6863839E-04
 -1.3660303E-03
  6.0364278E-04
 -1.1515667E-03
  2.6749432E-04
 -1.1566509E-03
  1.9353203E-04
 -2.0548699E-03
  6.5032611E-05
 -3.8513172E-04
  9.5627632E-04
 -3.8296418E-04
  7.6047983E-04
 -4.6005103E-04
  8.7140012E-04
 -2.3410216E-04
  1.0038925E-03
 -1.1111397E-04
  1.1399251E-03
 -9.8507444E-05
  1.4318837E-03
  1.0008189E-03
  8.4346160E-04
 -3.1334904E-04
  6.1482919E-04
 -2.8937191E-04
  7.9949643E-04
 -1.7331264E-04
  7.2368165E-04
 -2.4848527E-04
  7.3291891E-04
 -2.2075357E-04
  8.0323988E-04
 -1.6181843E-04
  8.8778546E-04
 -2.2176691E-04
  8.6138607E-04
 -2.0951519E-04
  1.0088418E-03
 -5.8164005E-04
  3.4113124E-05
 -9.6683274E-05
  7.5166964E-04
 -1.3365148E-05
  7.9226174E-04
 -8.5636275E-06
  5.3387694E-04
 -2.9904614E-04
  8.1205356E-04
 -9.6762058E-05
  8.1344449E-04
 -1.0287136E-04
  6.4815814E-04
  6.9938274E-04
  1.2946397E-03
 -1.7753948E-04
  8.3685468E-04
 -2.3255343E-04
  8.0816052E-04
 -2.1534893E-04
  1.1662067E-03
 -3.0669002E-04
  8.2906731E-04
 -1.1703363E-04
  9.8567083E-04
 -1.8398804E-04
  8.4366708E-04
 -2.1862061E-04
  8.4374542E-04
 -1.7319160E-04
  8.9670275E-04
 -1.9017837E-04
  8.3236024E-04
 -2.2088792E-04
  8.9736539E-04
 -1.0161317E-04
  7.5563235E-04
 -3.7014569E-04
  6.2032399E-04
 -2.5654622E-04
  6.9723860E-04
 -2.9179020E-04
  7.7503617E-04
 -1.7980742E-04
  8.4909447E-04
 -1.2122921E-04
  8.8752888E-04
 -1.3697444E-04
  7.6396926E-04
 -8.2911371E-05
  9.7570603E-04
 -7.8580051E-06
  1.0452330E-03
 -3.0879630E-05
  6.4557261E-04
 -3.9127076E-04
  6.5545214E-04
 -1.1021546E-03
  2.0929088E-04
 -5.5669725E-04
  4.0230382E-04
 -4.8601101E-04
  4.7542591E-04
 -3.9500515E-03
 -7.6004083E-04
 -8.5995102E-04
  1.5730591E-04
 -5.4972363E-04
  7.3181721E-04
 -1.1591330E-03
  6.2023284E-04
  2.3465266E-04
  9.9473889E-04
 -3.7664050E-04
  8.3687576E-04
 -6.6549063E-04
  1.8998296E-03
  2.8930961E-03
  9.2451775E-04
  1.0921295E-04
  6.6737493E-04
 -1.6959218E-04
  9.5664966E-04
  5.4339058E-04
  7.0202921E-04
 -1.3404535E-04
  5.0871854E-04
 -2.8476294E-05
  7.1500725E-04
 -5.6033925E-05
  7.5647992E-04
 -4.1991036E-05
  7.5260596E-04
 -2.8410577E-06
  7.8601472E-04
 -7.3404517E-05
  7.0516113E-04
 -1.1451414E-04
  7.1368658E-04
 -1.2814841E-04
  7.1689091E-04
 -1.2606248E-04
  7.2035484E-04
 -1.4391023E-04
  7.0071785E-04
 -1.2305018E-04
  7.1215990E-04
 -1.8634301E-04
  7.2205579E-04
 -1.2690033E-04
  7.7089906E-04
 -6.3599786E-05
  8.0485118E-04
 -7.0212816E-05
  8.7121129E-04
 -4.1460968E-05
  8.0765586E-04
 -3.7096848E-05
  7.6482305E-04
  3.9278908E-05
  1.4665774E-03
  7.9833466E-05
  8.7953825E-04
 -1.5578757E-05
  7.9913542E-04
  3.8242724E-06
  6.4732938E-04
 -6.7377242E-04
  7.5466989E-04
 -2.6785568E-04
  8.5652433E-04
 -2.4801472E-04
  9.8351273E-04
 -4.5257536E-04
  2.6198849E-04
 -1.9329650E-04
  7.0349465E-04
 -1.9957041E-04
  7.6371426E-04
 -3.1702706E-04
  1.1791640E-03
  1.4837984E-04
  7.3305116E-04
 -1.0430414E-04
  6.1919319E-04
 -1.5349581E-04
  5.9407332E-04
 -3.2560431E-04
  5.9009291E-04
 -3.2664361E-04
  5.7582447E-04
 -3.3658775E-04
  5.8024866E-04
 -3.1399829E-04
  5.7307107E-04
 -3.7775599E-04
  5.6103489E-04
 -2.9755940E-04
  6.7211594E-04
 -3.5600181E-04
  6.2547065E-04
 -2.4525498E-04
  6.9907797E-04
 -2.2973944E-04
  7.1524270E-04
 -2.3725218E-04
  6.9206872E-04
 -2.6791843E-04
  7.2437932E-04
 -2.2419429E-04
  7.1201811E-04
 -3.0339023E-04
  6.8070507E-04
 -3.6462725E-04
  6.8777357E-04
 -3.2988316E-04
  7.0824602E-04
 -4.8811446E-04
  7.7644084E-04
 -4.6826285E-04
  8.9525164E-04
 -6.1423087E-04
  1.2582334E-03
 -4.4025383E-03
 -3.1807548E-03
 -5.7995541E-04
 -8.3144812E-05
 -1.8926113E-04
  2.3507015E-04
  1.4614992E-04
  7.5270096E-04
 -1.5857507E-04
  4.5821932E-04
 -2.6316571E-04
  4.7244574E-04
 -2.3852233E-04
  8.9588552E-04
  5.0764065E-03
  2.4280385E-03
  1.9291733E-04
  8.0180622E-04
 -1.8369968E-04
  5.0709210E-04
 -7.7405304E-04
  4.4430557E-04
 -2.5981266E-04
  6.3329341E-04
 -1.9182774E-04
  5.8508699E-04
 -3.3236624E-04
  5.9178064E-04
 -2.0474501E-04
  6.6493679E-04
 -1.8942924E-04
  6.5471581E-04
 -1.7198781E-04
  6.9411763E-04
 -1.8690756E-04
  6.0873176E-04
 -2.4587844E-04
  5.9998396E-04
 -2.4994891E-04
  6.4539909E-04
 -2.0268650E-04
  6.6170096E-04
 -2.1486750E-04
  6.5427966E-04
 -2.1189547E-04
  6.5089663E-04
 -2.1767637E-04
  6.5630709E-04
 -2.1736955E-04
  6.5540988E-04
 -2.8616222E-04
  6.3708844E-04
 -2.6962344E-04
  6.2236196E-04
 -3.0298534E-04
  6.1608432E-04
 -4.6826267E-04
  1.5363554E-03
  3.1677852E-04
  7.2191306E-04
 -1.2236868E-04
  6.7001826E-04
 -1.8208451E-04
  5.4909580E-04
 -2.5497985E-04
  6.3624408E-04
 -2.3355833E-04
  6.7598512E-04
 -2.7845611E-04
  7.9099723E-04
 -1.4664311E-04
 -4.2019683E-04
 -4.3526725E-04
  4.4369328E-04
 -9.8916673E-05
  7.7654689E-04
  2.2376975E-05
  9.7311381E-04
  5.6595396E-05
  8.7589712E-04
  4.4295681E-05
  8.7389431E-04
  8.1095757E-05
  7.9809153E-04
 -8.4497326E-05
  9.2342682E-04
  6.7674278E-05
  9.5092994E-04
 -1.2010240E-04
  7.6172804E-04
 -1.1695034E-04
  7.3888688E-04
 -1.6644355E-04
  7.0834463E-04
 -8.7143708E-05
  7.9077284E-04
 -4.8113317E-05
  8.1312773E-04
 -3.5518286E-05
  8.2952739E-04
 -4.1289255E-05
  8.1797759E-04
 -3.9564067E-05
  8.2368660E-04
 -3.4155324E-05
  8.3140214E-04
  1.9047729E-05
  8.3547318E-04
 -7.5550692E-05
  7.8086089E-04
 -8.6199550E-05
  7.8257784E-04
 -8.4430038E-05
  7.9602352E-04
 -2.2581019E-04
  7.2830467E-04
 -9.5610885E-05
  7.6683657E-04
 -4.7735637E-05
  7.8561128E-04
 -4.9110211E-05
  8.4621075E-04
 -4.1686028E-05
  8.0699928E-04
 -1.6836275E-05
  7.6170510E-04
  3.2545955E-04
  1.6539607E-03
  2.8653198E-04
  1.0033738E-03
 -1.7373677E-05
  8.8398869E-04
 -1.1728657E-04
  7.9365761E-04
 -2.4570429E-04
  6.5159798E-04
 -2.7564136E-04
  6.5373431E-04
 -3.1810891E-04
  6.2941818E-04
 -1.0469379E-03
 -1.3946439E-04
 -6.9264928E-04
  4.0758599E-04
 -2.2741957E-04
  7.3400734E-04
 -6.1797531E-05
  8.6817506E-04
  3.0169234E-05
  9.4747334E-04
  6.3110085E-05
  9.5357664E-04
  6.5233355E-05
  1.0115734E-03
  2.0170791E-04
  1.1265803E-03
  1.0498089E-04
  7.3981553E-04
 -3.0931472E-04
  5.0834689E-04
 -4.0937975E-04
  4.7933019E-04
 -4.1755286E-04
  4.8155332E-04
 -2.0400979E-04
  8.6687354E-04
 -1.0850927E-05
  8.1464718E-04
 -9.4112300E-05
  9.3001383E-04
  9.9891287E-05
  1.0836008E-03
  1.9078562E-04
  1.0852411E-03
  1.6914935E-04
  1.1377650E-03
 -2.9083321E-04
  4.2481578E-04
 -4.3288924E-04
  3.2586360E-04
 -4.4829762E-04
  4.3926222E-04
 -4.5362578E-04
  1.9634856E-04
 -6.6397898E-04
  4.2171060E-04
 -3.9258177E-04
  6.1296299E-04
 -3.0805697E-04
  7.2223810E-04
  4.1377125E-04
  1.1284789E-03
  1.1308896E-04
  9.6974045E-04
 -4.8678194E-05
  8.3570799E-04
 -1.8226856E-05
  1.1447087E-03
  7.3148782E-05
  8.0519868E-04
 -1.8836473E-04
  6.2705990E-04
 -3.0201059E-04
  4.9795338E-04
 -3.1707340E-04
  7.2122685E-04
 -7.3032628E-05
  9.1514166E-04
  7.5152464E-05
  9.9185901E-04
  1.1423319E-04
  9.8351866E-04
  5.8485137E-05
  9.1759267E-04
  4.1094143E-05
  9.6611562E-04
  9.2847215E-05
  1.0271429E-03
  3.6052952E-06
  7.8192790E-04
 -2.3385821E-04
  6.4724206E-04
 -1.8781083E-04
  8.1057521E-04
 -7.6720171E-05
  8.0076768E-04
 -7.9131132E-05
  8.6680893E-04
 -3.9054896E-05
  8.6533523E-04
 -4.7119189E-05
  8.2231069E-04
 -1.4760744E-04
  7.6243107E-04
 -1.6139273E-04
  7.0093491E-04
 -2.4074168E-04
  6.0187990E-04
 -3.0003101E-04
  6.0930033E-04
 -3.0030622E-04
  6.3361198E-04
 -2.2683604E-04
  7.8306400E-04
 -5.5274548E-05
  9.1169006E-04
 -1.7118204E-05
  8.4517663E-04
 -1.1698838E-05
  8.9089235E-04
 -6.2058796E-05
  8.5847592E-04
 -1.2705862E-04
  5.7663722E-04
 -3.7202027E-04
  6.2327320E-04
 -2.4484246E-04
  6.4880901E-04
 -2.3828560E-04
  6.9216825E-04
 -1.7167511E-04
  7.9320540E-04
 -3.3289514E-05
  9.3885534E-04
  1.6426522E-05
  8.8039017E-04
  9.9245095E-05
  1.2017095E-03
  2.2182742E-04
  9.9882670E-04
 -5.4884935E-05
  7.4670836E-04
 -2.8182208E-04
  5.7031808E-04
 -3.5477852E-04
  6.1373611E-04
 -2.8608149E-04
  6.3795748E-04
 -2.0492231E-04
  8.2611095E-04
 -3.6894809E-05
  8.7682274E-04
  1.9356376E-05
  1.0313512E-03
  1.2240834E-04
  1.1194755E-03
  2.3993195E-04
  1.2182550E-03
  2.5397676E-04
  1.0032996E-03
 -7.0935959E-05
  8.8840257E-04
 -1.6962230E-04
  7.4623933E-04
 -1.6181692E-04
  9.2853536E-04
 -2.1598078E-04
  3.2027741E-04
 -3.9087553E-04
  6.1771122E-04
 -1.2815243E-04
  7.8685384E-04
 -6.0105347E-05
  9.6895092E-04
  2.9541261E-05
  8.5029076E-04
 -4.8671733E-05
  7.6348870E-04
 -2.4458018E-04
  4.8172369E-04
 -9.0871443E-05
  9.3055330E-04
 -1.6236640E-04
  7.1613304E-04
 -2.9123094E-04
  6.5270631E-04
 -3.6188881E-04
  5.4712465E-04
 -3.1263850E-04
  8.1788364E-04
  3.7486199E-05
  1.0085397E-03
  1.1442986E-04
  1.0213825E-03
  5.3594791E-05
  9.9711702E-04
  5.5262528E-05
  9.5058884E-04
 -7.5788412E-05
  7.7888474E-04
 -1.7913879E-04
  7.4268290E-04
 -2.4710936E-04
  5.4312812E-04
 -4.5854619E-04
  5.1734294E-04
 -3.7198773E-04
  6.2229135E-04
 -2.3067984E-04
  7.4207009E-04
 -1.2873256E-04
  8.5024559E-04
 -3.0549243E-05
  9.4222475E-04
 -4.9219962E-05
  8.1640319E-04
 -1.2908812E-04
  7.9490652E-04
 -2.1479771E-04
  6.7566935E-04
 -2.8893354E-04
  6.5889698E-04
 -3.0606819E-04
  6.3358550E-04
 -3.8113110E-04
  4.8178167E-04
 -4.3519711E-04
  5.7186873E-04
 -2.0663868E-04
  8.2250359E-04
 -3.6903541E-05
  9.1070856E-04
 -6.9568079E-05
  7.6227984E-04
 -2.4581121E-04
  7.3075993E-04
 -1.3038778E-04
  7.8439282E-04
 -6.6054112E-05
  9.6096669E-04
  2.0455540E-05
  8.9232286E-04
 -6.8756664E-05
  8.5515936E-04
 -1.6359676E-04
  7.8933313E-04
 -6.9534814E-05
  1.0346503E-03
  1.3880942E-04
  1.0224087E-03
 -1.2170203E-05
  8.4249326E-04
 -1.9122273E-04
  7.1096572E-04
 -2.1291772E-04
  8.1281119E-04
 -3.2266398E-05
  9.3964406E-04
 -1.9050378E-05
  9.0434030E-04
 -1.1463711E-04
  7.5854815E-04
 -2.2988211E-04
  6.9691741E-04
 -2.2508463E-04
  7.8157021E-04
 -1.0398487E-04
  8.5901411E-04
 -1.0001921E-04
  7.5352134E-04
 -3.0679148E-04
  6.3298049E-04
 -2.1309874E-04
  8.5272291E-04
 -1.4093850E-05
  9.4255561E-04
 -3.1718519E-05
  8.7473099E-04
 -1.2550474E-04
  7.6771190E-04
 -1.9883222E-04
  8.0380007E-04
 -2.2602736E-04
  6.3241983E-04
 -2.9175324E-04
  6.6176895E-04
 -2.6850213E-04
  8.5661036E-04
 -3.1657782E-04
  5.6985428E-04
 -2.9665735E-04
  7.8179245E-04
 -9.2667557E-05
  9.5062668E-04
 -7.9559104E-05
  7.8835071E-04
 -1.0420417E-04
  9.0499071E-04
 -9.2997449E-05
  8.5455354E-04
 -3.1277092E-04
  4.7067605E-04
 -2.8029244E-04
  5.9895153E-04
 -4.2821976E-04
  4.9989420E-04
 -4.4208064E-04
  4.9037981E-04
 -4.1034541E-04
  6.0508354E-04
 -2.6935196E-04
  7.2127552E-04
 -1.6206433E-04
  8.1951928E-04
 -6.0716819E-05
  9.1995473E-04
 -1.2003060E-05
  9.8178559E-04
  5.2583928E-06
  9.0579619E-04
 -1.0438246E-04
  7.6944241E-04
 -2.3758513E-04
  6.6932710E-04
 -2.9960609E-04
  6.1063410E-04
 -3.2400768E-04
  6.8052119E-04
 -2.0624619E-04
  8.1554020E-04
 -1.2474891E-04
  7.7920640E-04
 -2.2047656E-04
  6.9924269E-04
 -1.8007826E-04
  8.2043034E-04
 -1.3493985E-04
  7.8099716E-04
 -1.9532299E-04
  7.4495794E-04
 -2.5138483E-04
  6.2460831E-04
 -3.4962970E-04
  5.6605018E-04
 -3.3716418E-04
  7.9596567E-04
 -3.9433100E-05
  9.4971270E-04
  2.9426883E-07
  1.0029550E-03
  1.3084979E-04
  1.0449950E-03
 -2.9375544E-05
  9.1893866E-04
 -5.4640375E-05
  7.9542631E-04
 -3.3321654E-04
  6.1449141E-04
 -3.1873913E-04
  5.8905419E-04
 -3.5309410E-04
  5.7409541E-04
 -3.7894913E-04
  5.7762314E-04
 -3.7521179E-04
  7.3843473E-04
 -9.6926437E-05
  7.9303409E-04
 -1.5639333E-04
  8.4272365E-04
  7.5457967E-05
  1.0568787E-03
  4.8892485E-05
  9.0628513E-04
 -1.3238538E-04
  7.4101763E-04
 -2.6140732E-04
  6.7179813E-04
 -2.8112225E-04
  6.0973613E-04
 -3.4853155E-04
  6.7099463E-04
 -1.8667706E-04
  8.6102216E-04
 -5.8091420E-05
  9.3897176E-04
 -5.2341784E-06
  9.3920308E-04
  8.3504419E-06
  1.0101212E-03
  1.1901070E-04
  1.1392507E-03
  1.7733060E-04
  1.0710682E-03
  6.9640926E-05
  9.9574798E-04
 -6.0514431E-06
  8.5944566E-04
 -1.8922376E-04
  6.6099525E-04
 -2.8099932E-04
  7.7950116E-04
 -1.0673725E-04
  8.8751840E-04
 -7.6890370E-05
  8.5520255E-04
 -1.2572421E-04
  1.0970789E-03
  1.3468374E-04
  8.8926964E-04
 -1.1997786E-04
  7.4070552E-04
 -1.8623730E-04
  7.4012880E-04
 -2.2557986E-04
  6.2872929E-04
 -3.9755282E-04
  5.4420816E-04
 -4.2175085E-04
  5.3751486E-04
 -3.4258820E-04
  4.9693673E-04
 -2.4302074E-04
  8.2801725E-04
 -7.1870163E-06
  9.6588430E-04
  8.2273618E-06
  9.3609281E-04
 -5.3227297E-05
  9.2169957E-04
 -6.5976928E-06
  8.9210854E-04
 -9.7805139E-05
  7.9469744E-04
 -2.6225697E-04
  5.7816424E-04
 -3.9212729E-04
  6.1869540E-04
 -2.4878807E-04
  7.5298233E-04
 -7.6814555E-05
  9.9028193E-04
  4.7744048E-05
  9.3143433E-04
 -5.5235403E-05
  8.4880891E-04
 -1.1476784E-04
  8.0443197E-04
 -1.0818001E-04
  8.5677882E-04
 -1.0085516E-04
  7.2642602E-04
 -3.1171492E-04
  5.7413225E-04
 -3.9497783E-04
  5.6292641E-04
 -2.7751914E-04
  7.2912604E-04
 -1.7632282E-04
  7.6761912E-04
 -1.4544636E-04
  7.5582264E-04
 -2.1067783E-04
  7.4279291E-04
 -2.1135077E-04
  8.1042049E-04
 -1.0180951E-04
  7.7724631E-04
 -2.2215533E-04
  6.5675552E-04
 -2.5462257E-04
  6.5298204E-04
 -2.4778428E-04
  7.4498751E-04
 -1.4208397E-04
  8.1578211E-04
 -1.6002351E-04
  7.1122579E-04
 -1.7935823E-04
  7.3877035E-04
 -8.3309016E-05
  8.8597590E-04
 -4.9137190E-05
  8.2437973E-04
 -1.1197123E-04
  8.6181960E-04
 -8.3787221E-05
  7.7250198E-04
 -1.7017691E-04
  7.6428620E-04
 -9.1456925E-05
  8.8143675E-04
 -1.0052964E-04
  7.1566144E-04
 -2.8060106E-04
  6.6945911E-04
 -1.8233262E-04
  7.7610428E-04
 -1.2921650E-04
  7.8746106E-04
 -1.2298115E-04
  7.2430400E-04
 -2.6400035E-04
  6.4309104E-04
 -2.5889926E-04
  6.7140174E-04
 -1.7614634E-04
  7.9803576E-04
 -1.1630249E-04
  7.6456362E-04
 -1.5521722E-04
  7.5025100E-04
 -1.9676666E-04
  6.3282152E-04
 -2.7886973E-04
  7.9553318E-04
 -2.7892616E-05
  8.6904503E-04
 -6.6337991E-05
  8.2306156E-04
 -1.3406674E-04
  7.3870912E-04
 -2.0424809E-04
  7.0016703E-04
 -1.9706358E-04
  7.2935864E-04
 -9.9177938E-05
  8.9349179E-04
 -1.3022654E-05
  8.2588184E-04
 -7.7825011E-05
  7.8669109E-04
 -1.2662841E-04
  7.4255164E-04
 -1.0551751E-04
  9.1827731E-04
  4.4630724E-05
  8.7583391E-04
 -6.7476445E-05
  7.9967291E-04
 -1.0049544E-04
  8.1690564E-04
 -1.0843622E-05
  8.6915074E-04
 -9.5978758E-05
  7.6104054E-04
 -1.3951419E-04
  7.8697503E-04
 -1.5400961E-04
  7.0797652E-04
 -7.6242693E-05
  8.8383514E-04
  2.1866028E-05
  9.0850331E-04
 -1.0180433E-05
  7.7906158E-04
 -1.8321790E-04
  7.1937783E-04
 -5.4422300E-05
  9.0304541E-04
  4.0862680E-05
  8.9060736E-04
 -2.2761145E-05
  7.3643774E-04
 -2.7160862E-04
  5.7603209E-04
 -2.8002923E-04
  5.7961955E-04
 -2.6468505E-04
  6.7078258E-04
 -1.7224826E-04
  6.7459955E-04
 -2.2545233E-04
  5.9022679E-04
 -2.8558457E-04
  6.0859253E-04
 -1.8751170E-04
  7.8358920E-04
 -5.3753232E-05
  7.2679459E-04
 -2.3034410E-04
  5.7947857E-04
 -2.8376203E-04
  6.3319597E-04
 -1.1631235E-04
  7.8218820E-04
 -4.3382053E-05
  8.3111320E-04
 -2.8117356E-05
  7.6440175E-04
 -1.1035922E-04
  7.4169901E-04
 -2.2698339E-05
  8.9994143E-04
  8.8267756E-05
  9.3296170E-04
  4.4949469E-05
  7.5696671E-04
 -2.3117740E-04
  4.8064612E-04
 -3.4425090E-04
  5.9595983E-04
 -1.2974226E-04
  7.4448995E-04
 -1.3389884E-04
  6.1174692E-04
 -2.8047161E-04
  6.1427418E-04
 -8.7056716E-05
  8.0488913E-04
 -3.8941886E-05
  7.2139746E-04
 -9.2087983E-05
  7.3584064E-04
 -1.7106195E-04
  5.5789703E-04
 -3.1191661E-04
  5.3165905E-04
 -2.4961177E-04
  5.9322111E-04
 -2.6601160E-04
  4.9728563E-04
 -3.6338941E-04
  4.4116424E-04
 -3.0511877E-04
  6.2108325E-04
 -6.6568260E-05
  8.8515156E-04
  1.1679526E-04
  8.6709496E-04
  1.4498364E-06
  7.3973101E-04
 -7.4220210E-05
  7.5864827E-04
  4.8967515E-05
  8.3742954E-04
  2.7493108E-05
  8.2577951E-04
  5.3711381E-05
  8.6354674E-04
  1.4535617E-05
  7.1071327E-04
 -1.6255828E-05
  8.2029996E-04
  3.6443467E-05
  8.1249245E-04
  4.7935289E-05
  7.9132203E-04
 -3.8489146E-05
  7.0427044E-04
 -1.0167147E-04
  6.1509857E-04
 -2.2861027E-04
  4.7387346E-04
 -2.5020956E-04
  5.6102348E-04
 -1.8401546E-04
  6.3419319E-04
 -4.5152090E-05
  7.0435595E-04
 -7.9698366E-05
  6.4084015E-04
 -1.1096278E-04
  6.6550390E-04
 -5.9951271E-06
  8.0567435E-04
  1.2319691E-04
  8.3920313E-04
  2.0311098E-05
  6.5582839E-04
 -1.6393053E-04
  5.1600399E-04
 -1.7297600E-04
  6.3451024E-04
 -3.4938246E-05
  7.0543744E-04
 -1.9682135E-05
  6.7226519E-04
 -1.1773626E-04
  5.5775658E-04
 -1.4051824E-04
  6.4669258E-04
 -1.4632184E-05
  7.0647034E-04
  1.0120450E-05
  6.7639950E-04
 -8.6750981E-05
  5.7616387E-04
 -1.2521047E-04
  5.8494043E-04
 -8.1675505E-05
  6.3052599E-04
 -2.8147449E-05
  6.5638084E-04
 -4.5454653E-05
  5.9873622E-04
 -8.0585713E-05
  6.1481469E-04
 -4.5401248E-05
  6.3039811E-04
 -7.2723837E-05
  5.7347293E-04
 -1.0459669E-04
  5.7420705E-04
 -8.0362719E-05
  5.6476705E-04
 -1.1831662E-04
  5.3416297E-04
 -1.1983933E-04
  5.1218393E-04
 -1.5954112E-04
  5.1633583E-04
 -9.3276263E-05
  6.1233231E-04
  1.4952093E-05
  6.7602587E-04
  4.0052197E-05
  6.2588614E-04
 -9.4171264E-06
  6.7167141E-04
  1.1637893E-04
  7.7724573E-04
  1.7330263E-04
  8.0510043E-04
  1.6023139E-04
  7.1919244E-04
  3.6133337E-05
  5.8560097E-04
 -3.4902507E-05
  5.5901369E-04
 -3.3280085E-05
  5.8203971E-04
 -9.1450638E-06
  5.6950364E-04
 -3.9992505E-05
  5.3121132E-04
 -6.1009137E-05
  5.7358760E-04
  5.6394463E-05
  6.6129188E-04
  9.0998918E-05
  6.4227253E-04
  6.2635736E-05
  6.0870597E-04
  4.5027613E-05
  5.9215742E-04
  2.2796885E-05
  5.5694161E-04
 -2.1127838E-05
  5.1781780E-04
 -4.8766175E-05
  4.5964291E-04
 -1.1226512E-04
  4.6264566E-04
 -1.3475161E-05
  5.4964947E-04
  5.3338445E-05
  6.0587161E-04
  8.6174521E-05
  5.9175666E-04
  6.8399342E-05
  5.9148908E-04
  1.0132113E-04
  6.2819989E-04
  1.4572730E-04
  6.3716026E-04
  1.3240641E-04
  5.5650226E-04
  4.6161120E-05
  5.3595460E-04
  6.5630345E-05
  5.3915859E-04
  8.2948507E-05
  5.7457743E-04
  1.1238061E-04
  5.5249693E-04
  7.3711373E-05
  4.9718429E-04
  4.0730723E-05
  4.9588562E-04
  8.7988315E-05
  5.5003376E-04
  1.3109298E-04
  5.5639126E-04
  1.1585144E-04
  5.0830707E-04
  7.7947392E-05
  5.0364551E-04
  1.0642699E-04
  5.2092131E-04
  9.6725082E-05
  4.6646534E-04
  5.0642207E-05
  4.2296140E-04
  5.8522273E-06
  4.0181426E-04
  8.0048339E-06
  3.8990326E-04
  3.6108861E-05
  4.3382793E-04
  6.4092776E-05
  4.3109851E-04
  8.2973522E-05
  4.5251683E-04
  1.4759203E-04
  5.4708042E-04
  2.2086399E-04
  5.9771666E-04
  2.8680463E-04
  6.0211506E-04
  2.7436766E-04
  5.7598157E-04
  2.5588210E-04
  5.5105530E-04
  2.3322835E-04
  5.0108717E-04
  2.1138023E-04
  5.2183238E-04
  2.3161701E-04
  4.9260654E-04
  2.0589077E-04
  4.2494474E-04
  1.4883744E-04
  4.0187204E-04
  1.3362376E-04
  3.9620220E-04
  1.2407449E-04
  3.4880071E-04
  1.1518778E-04
  3.9590552E-04
  1.7559883E-04
  4.0307839E-04
  1.8127379E-04
  4.2196261E-04
  2.1601157E-04
  4.3023098E-04
  1.8195133E-04
  3.4668687E-04
  1.1541981E-04
  3.0549528E-04
  1.7851205E-04
  3.8061751E-04
  1.6936098E-04
  2.7157151E-04
  8.8790257E-05
  2.4118958E-04
  9.8720673E-05
  2.2591735E-04
  9.2798946E-05
  2.4714481E-04
  1.6458212E-04
  3.1651722E-04
  2.0801520E-04
  2.6138948E-04
  9.8649500E-05
  1.8809416E-04
  1.4660908E-04
  2.6708498E-04
  2.2075485E-04
  3.2399388E-04
  2.2779609E-04
  2.6615665E-04
  1.7689365E-04
  2.5876123E-04
  2.8584147E-04
  3.8750365E-04
  3.3800019E-04
  3.9252141E-04
  4.4082390E-04
  5.1923096E-04
  5.1259104E-04
  4.8609541E-04
  4.1356302E-04
  3.7772648E-04
  3.9969847E-04
  4.0526621E-04
  4.2602746E-04
  3.5809740E-04
  3.2528184E-04
  2.6372250E-04
  3.4336944E-04
  2.8458907E-04
  3.0547092E-04
  2.1540295E-04
  2.6580342E-04
  1.9143391E-04
  3.4338111E-04
  3.1230471E-04
  4.7495993E-04
  4.1576091E-04
  5.3984736E-04
  3.7538083E-04
  4.7628340E-04
  3.3277815E-04
  4.6301825E-04
  2.6376138E-04
  3.6566760E-04
  1.5966783E-04
  3.7692822E-04
  2.0554678E-04
  3.2855175E-04
  3.8232771E-05
  1.7083247E-04
 -3.3508200E-05
  2.5361340E-04
  1.3222574E-04
  4.1872810E-04
  1.6517196E-04
  4.0475241E-04
  1.8376694E-04
  4.9440667E-04
  2.7204579E-04
  5.5076578E-04
  2.4436609E-04
  5.3025334E-04
  2.4131261E-04
  5.3668371E-04
  1.7870183E-04
  4.4654406E-04
  6.3680898E-05
  4.1674089E-04
  1.0202122E-04
  5.1418890E-04
  1.2873941E-04
  4.6467577E-04
  2.5666959E-06
  3.9238250E-04
  3.9745035E-05
  5.2848249E-04
  1.0827913E-04
  5.3312548E-04
  6.3154192E-05
  5.2308076E-04
  3.3732562E-05
  5.1522633E-04
  4.5692723E-05
  5.4899760E-04
  6.8448076E-05
  5.9686881E-04
  9.5731622E-05
  6.0933310E-04
  3.9094710E-05
  5.7956530E-04
  5.2664458E-05
  6.3415291E-04
  2.6384747E-05
  5.7840446E-04
 -6.9341186E-05
  4.8763296E-04
 -1.8360800E-04
  4.3874464E-04
 -1.8016153E-04
  4.8509170E-04
 -1.5679447E-04
  5.1407877E-04
 -1.8146422E-04
  4.8567849E-04
 -2.1978983E-04
  5.4536329E-04
 -1.2059088E-04
  6.3174841E-04
 -1.1076589E-04
  6.6343881E-04
 -5.6152581E-05
  7.1532314E-04
 -8.8885659E-05
  7.1953464E-04
 -7.8009936E-05
  8.0076791E-04
  1.0289194E-05
  8.6914806E-04
 -4.0882151E-06
  8.4029941E-04
 -6.6919980E-05
  8.3731313E-04
 -5.5875105E-05
  8.1429875E-04
 -1.7156455E-04
  7.7729917E-04
 -1.3106587E-04
  8.5178879E-04
 -1.6129611E-04
  7.8587024E-04
 -2.1333070E-04
  8.2211476E-04
 -1.9022232E-04
  8.7111932E-04
 -1.5168919E-04
  9.3730888E-04
 -1.1087235E-04
  1.0066156E-03
 -1.0824850E-04
  9.7464409E-04
 -2.0743170E-04
  8.7443297E-04
 -2.9342729E-04
  8.4961555E-04
 -3.4045611E-04
  8.3194382E-04
 -3.7503443E-04
  8.4835454E-04
 -3.5168821E-04
  9.0382900E-04
 -3.5466652E-04
  9.1583619E-04
 -3.6638565E-04
  9.2463521E-04
 -3.6616655E-04
  1.0108965E-03
 -2.9080166E-04
  1.0580231E-03
 -3.4184955E-04
  1.0246905E-03
 -3.6756069E-04
  1.0657803E-03
 -3.8442508E-04
  1.0612474E-03
 -4.0580877E-04
  1.0882546E-03
 -3.9504856E-04
  1.1036092E-03
 -4.5499022E-04
  1.0325166E-03
 -5.6117296E-04
  1.0343073E-03
 -5.4026337E-04
  1.0962671E-03
 -5.7610730E-04
  1.0308087E-03
 -6.5038539E-04
  1.0197604E-03
 -6.5128796E-04
  1.0981073E-03
 -5.9778453E-04
  1.2071658E-03
 -5.5108732E-04
  1.2448850E-03
 -5.7164801E-04
  1.2582450E-03
 -6.0397189E-04
  1.2482422E-03
 -6.3530006E-04
  1.2530602E-03
 -6.4746989E-04
  1.3404294E-03
 -5.8837549E-04
  1.4035216E-03
 -6.1629491E-04
  1.3573751E-03
 -6.5125700E-04
  1.3978725E-03
 -6.8031845E-04
  1.3904313E-03
 -7.1306725E-04
  1.4170378E-03
 -7.0722820E-04
  1.4616547E-03
 -7.5640739E-04
  1.3928007E-03
 -8.8570151E-04
  1.3345858E-03
 -9.2132075E-04
  1.4036630E-03
 -8.8327134E-04
  1.4696728E-03
 -8.8640850E-04
  1.4637498E-03
 -9.5378177E-04
  1.4557452E-03
 -9.4806636E-04
  1.5575711E-03
 -9.1404864E-04
  1.5816102E-03
 -9.8659098E-04
  1.5451895E-03
 -1.0642874E-03
  1.4965256E-03
 -1.1546456E-03
  1.5208691E-03
 -1.1032692E-03
  1.6781460E-03
 -1.0123838E-03
  1.7440836E-03
 -1.0869009E-03
  1.6777432E-03
 -1.1502765E-03
  1.7291607E-03
 -1.1034597E-03
  1.8206220E-03
 -1.1133009E-03
  1.8419230E-03
 -1.1795375E-03
  1.7938135E-03
 -1.2598862E-03
  1.7676069E-03
 -1.3293087E-03
  1.7927118E-03
 -1.3155286E-03
  1.8713807E-03
 -1.3111432E-03
  1.9350683E-03
 -1.3209358E-03
  1.9918405E-03
 -1.3151782E-03
  2.0398458E-03
 -1.3414437E-03
  2.0386516E-03
 -1.3934323E-03
  2.0917282E-03
 -1.4240078E-03
  2.0667163E-03
 -1.5366698E-03
  2.0494626E-03
 -1.5877900E-03
  2.0428931E-03
 -1.6934344E-03
  2.0501637E-03
 -1.6478215E-03
  2.2216514E-03
 -1.5249100E-03
  2.3621758E-03
 -1.5287310E-03
  2.3640748E-03
 -1.6060419E-03
  2.3973775E-03
 -1.5765369E-03
  2.4731653E-03
 -1.6258617E-03
  2.4789318E-03
 -1.7040278E-03
  2.4256599E-03
 -1.8545402E-03
  2.3507825E-03
 -1.9690180E-03
  2.3509990E-03
 -2.0175062E-03
  2.4551793E-03
 -1.9221728E-03
  2.6032135E-03
 -1.9729659E-03
  2.5695006E-03
 -2.0626234E-03
  2.6353402E-03
 -2.0304371E-03
  2.7026790E-03
 -2.0900122E-03
  2.7425773E-03
 -2.1125244E-03
  2.8028805E-03
 -2.1810285E-03
  2.7839392E-03
 -2.3220547E-03
  2.7226564E-03
 -2.3718306E-03
  2.8781814E-03
 -2.2887660E-03
  3.0080439E-03
 -2.3086409E-03
  3.0315530E-03
 -2.3902147E-03
  3.0686767E-03
 -2.4180710E-03
  3.1241782E-03
 -2.4891417E-03
  3.1312180E-03
 -2.5389108E-03
  3.2602884E-03
 -2.5416114E-03
  3.2557789E-03
 -2.6939260E-03
  3.2483898E-03
 -2.6774642E-03
  3.4646443E-03
 -2.6187834E-03
  3.5082302E-03
 -2.7380944E-03
  3.5600101E-03
 -2.7413345E-03
  3.6835473E-03
 -2.7971498E-03
  3.6587054E-03
 -2.9744359E-03
  3.6536397E-03
 -3.0279136E-03
  3.6289890E-03
 -3.1758000E-03
  3.6111120E-03
 -3.2497710E-03
  3.7089474E-03
 -3.2973173E-03
  3.7764853E-03
 -3.3718275E-03
  3.8499578E-03
 -3.4152975E-03
  3.9549512E-03
 -3.3953090E-03
  4.0411479E-03
 -3.4565746E-03
  4.1446406E-03
 -3.5507823E-03
  4.2058220E-03
 -3.6440713E-03
  4.2646267E-03
 -3.7261525E-03
  4.3200618E-03
 -3.8417915E-03
  4.3673171E-03
 -3.8347377E-03
  4.5600571E-03
 -3.8346893E-03
  4.6873158E-03
 -3.9020397E-03
  4.7556800E-03
 -4.0228302E-03
  4.7762771E-03
 -4.1522658E-03
  4.8749018E-03
 -4.1673062E-03
  5.0541596E-03
 -4.2025656E-03
  5.0612814E-03
 -4.4472143E-03
  5.0176233E-03
 -4.5702616E-03
  5.1499493E-03
 -4.6286331E-03
  5.2563339E-03
 -4.7127176E-03
  5.3691971E-03
 -4.7990470E-03
  5.4294900E-03
 -4.9900967E-03
  5.4358365E-03
 -5.1032775E-03
  5.5788318E-03
 -5.1945257E-03
  5.6752381E-03
 -5.3716637E-03
  5.7551074E-03
 -5.4196524E-03
  5.9532700E-03
 -5.4771765E-03
  6.1043655E-03
 -5.5559534E-03
  6.2506581E-03
 -5.6663025E-03
  6.3764527E-03
 -5.7741944E-03
  6.5465486E-03
 -5.8404440E-03
  6.7403810E-03
 -5.9024030E-03
  6.8622092E-03
 -6.0834950E-03
  6.9719166E-03
 -6.2500271E-03
  7.0717009E-03
 -6.4373752E-03
  7.1959021E-03
 -6.5781390E-03
  7.3293149E-03
