  0.0000000E+00
 -2.2185217E-19
  1.1118471E-21
 -2.2263486E-19
  2.3463237E-21
 -2.2345018E-19
  3.6486549E-21
 -2.2435498E-19
  4.6057804E-21
 -2.2555925E-19
  5.3960093E-21
 -2.2665072E-19
  6.4385412E-21
 -2.2786804E-19
  7.2275682E-21
 -2.2916070E-19
  8.2416270E-21
 -2.3035103E-19
  9.2613985E-21
 -2.3171356E-19
  1.0052881E-20
 -2.3270793E-19
  1.1441536E-20
 -2.3361173E-19
  1.3042441E-20
 -2.3452013E-19
  1.4516128E-20
 -2.3559655E-19
  1.5918651E-20
 -2.3666421E-19
  1.7099568E-20
 -2.3823223E-19
  1.8129201E-20
 -2.3972894E-19
  1.9212317E-20
 -2.4161527E-19
  2.0113840E-20
 -2.4334449E-19
  2.1124836E-20
 -2.4515808E-19
  2.2181352E-20
 -2.4668211E-19
  2.3571352E-20
 -2.4827774E-19
  2.5129282E-20
 -2.4956980E-19
  2.6753011E-20
 -2.5085943E-19
  2.8659947E-20
 -2.5180644E-19
  3.1120447E-20
 -2.5451949E-19
  2.9198881E-20
 -2.5573514E-19
  3.3467896E-20
 -2.5845274E-19
  3.4415509E-20
 -2.5990041E-19
  3.4829913E-20
 -2.6148055E-19
  3.7147815E-20
 -2.6302808E-19
  3.9575862E-20
 -2.6467986E-19
  4.2568847E-20
 -2.6241488E-19
  4.8197630E-20
 -2.6585554E-19
  4.9160132E-20
 -2.6589328E-19
  5.1737110E-20
 -2.6718420E-19
  5.5059287E-20
 -2.6988944E-19
  5.6993571E-20
 -2.7251770E-19
  5.8572582E-20
 -2.7581505E-19
  5.8885644E-20
 -2.7953266E-19
  6.0616416E-20
 -2.8263242E-19
  6.2680580E-20
 -2.8566931E-19
  6.4476997E-20
 -2.8874988E-19
  6.6467904E-20
 -2.9188539E-19
  6.8430054E-20
 -2.9503604E-19
  7.1324424E-20
 -2.9565581E-19
  7.8019650E-20
 -2.9673370E-19
  8.0383111E-20
 -2.9902814E-19
  8.2886367E-20
 -3.0316676E-19
  8.5629647E-20
 -3.0668685E-19
  8.8638968E-20
 -3.0981988E-19
  9.1967569E-20
 -3.1330471E-19
  9.4492189E-20
 -3.1970608E-19
  9.4280818E-20
 -3.2355046E-19
  9.8424954E-20
 -3.2725131E-19
  1.0313231E-19
 -3.2937655E-19
  1.0718833E-19
 -3.3130129E-19
  1.1092537E-19
 -3.3276732E-19
  1.1357152E-19
 -3.3265756E-19
  1.1240952E-19
 -3.2528319E-19
  8.9313030E-20
 -3.6477696E-21
  8.2575993E-19
  2.8917366E-19
  8.6228285E-19
  3.4401646E-19
  9.0831483E-19
  3.8772452E-19
  9.5778757E-19
  4.2934024E-19
  1.0092479E-18
  4.7032564E-19
  1.0619207E-18
  5.1377656E-19
  1.0947064E-18
  1.6985598E-20
  5.0020527E-19
 -7.7963724E-20
  5.1474069E-19
 -8.7240607E-20
  5.2933800E-19
 -9.0781793E-20
  5.4340384E-19
 -9.1661564E-20
  5.5282941E-19
 -3.4347822E-20
  7.3451090E-19
  4.1754513E-20
  7.6104080E-19
  5.1584237E-20
  7.9075664E-19
  5.8373877E-20
  8.2159911E-19
  6.4033072E-20
  8.5394404E-19
  6.8760552E-20
  8.8881849E-19
  7.3938534E-20
  9.2385063E-19
 -3.2789019E-20
  8.0473093E-19
 -6.9946018E-20
  8.1697662E-19
 -2.2806543E-19
  7.1063133E-19
 -2.6747361E-19
  7.2780830E-19
 -2.9760066E-19
  7.4926139E-19
 -3.3148958E-19
  7.7435355E-19
 -3.7626988E-19
  8.8745571E-19
 -1.9788347E-19
  1.0230482E-18
 -2.3308786E-19
  1.1316806E-18
 -9.9585676E-20
  1.2447240E-18
 -1.6892052E-19
  1.3065253E-18
 -2.0943107E-19
  1.3785784E-18
 -2.5759593E-19
  1.4587831E-18
 -3.2010551E-19
  1.3993076E-18
 -6.2494576E-19
  1.4174058E-18
 -7.5790439E-19
  1.3285615E-18
 -1.0622206E-18
  1.4571034E-18
 -1.2065227E-18
  1.6015913E-18
 -1.4121398E-18
  1.7877778E-18
 -1.6699444E-18
  2.0345808E-18
 -2.0028727E-18
  2.3793695E-18
 -2.4047650E-18
  2.9516002E-18
 -2.8390325E-18
  3.9321925E-18
 -3.6242240E-18
  5.1207418E-18
 -5.1278705E-18
  7.2231032E-18
 -8.0908107E-18
  1.1856778E-17
 -1.6081392E-17
  2.9306423E-17
 -9.1292179E-17
 -1.4525134E-16
  2.2137022E-17
 -2.6877780E-17
  1.1612773E-17
 -1.7717138E-17
  8.3577419E-18
 -1.5217288E-17
  7.5694835E-18
 -1.5178789E-17
  8.7492267E-18
 -1.7926132E-17
  1.4599769E-17
 -3.2991318E-17
  1.6079045E-16
  6.3898617E-17
 -1.1542326E-17
  1.1063996E-17
 -5.4430920E-18
  4.9591169E-18
 -3.2559558E-18
  2.7912825E-18
 -2.2017813E-18
  1.7357539E-18
 -1.6120814E-18
  1.1250518E-18
 -1.2371306E-18
  8.4987586E-19
 -8.9258889E-19
  6.2800901E-19
 -7.1720845E-19
  4.3475941E-19
 -6.0665028E-19
  3.1244307E-19
 -5.1620858E-19
  2.0373884E-19
 -4.6038655E-19
  1.2380434E-19
 -4.2594937E-19
  6.2117723E-20
 -3.9078266E-19
  1.7169517E-20
 -3.6842697E-19
 -2.9437536E-20
 -3.3691604E-19
 -3.4315252E-20
 -3.1085933E-19
 -5.8625534E-20
 -2.9136863E-19
 -6.0002518E-20
 -2.7512428E-19
 -6.0155896E-20
 -2.5211359E-19
 -6.5691970E-20
 -2.3533475E-19
 -4.7656576E-20
 -2.2918548E-19
 -2.2863214E-20
 -1.2880046E-19
  2.9383200E-20
 -1.1123962E-19
  4.7482351E-20
 -9.0450953E-20
  6.8152807E-20
 -8.0220797E-20
  7.2653535E-20
 -6.6372300E-20
  9.7166658E-20
 -6.1135846E-20
  1.0342888E-19
 -3.2161842E-20
  8.1918191E-20
 -1.0124411E-19
  7.0058437E-20
 -1.0511509E-19
  8.4528760E-20
 -9.5752269E-20
  1.0670897E-19
 -7.0256017E-20
  1.4179022E-19
 -4.2524632E-20
  3.9461310E-20
 -5.0412300E-19
 -2.6123568E-19
 -6.0858056E-19
 -2.9855924E-19
 -6.1921422E-19
 -3.0296454E-19
 -6.8670410E-19
 -3.3941257E-19
 -7.7753323E-19
 -3.7461991E-19
 -8.7754630E-19
 -4.0634038E-19
 -1.0101284E-18
 -1.8077895E-19
 -6.7220543E-19
 -4.5423137E-21
 -8.0060707E-19
  4.9748878E-20
 -1.0335687E-18
  2.2860997E-19
 -1.3988670E-18
  7.7683592E-19
 -2.7456544E-18
  1.4374654E-17
  7.0646295E-18
 -5.8841115E-19
  1.4871277E-18
 -1.8990777E-19
  8.7435214E-19
  1.1007482E-19
  6.6250508E-19
  3.2698444E-19
  4.9745112E-19
  5.8369845E-19
  2.3048840E-19
  1.1971601E-18
 -1.6241588E-18
 -1.6280615E-17
 -1.1653691E-18
 -1.1497407E-18
 -1.3316221E-19
  4.2752644E-19
  1.2211247E-18
 -6.2776913E-19
  4.0486650E-19
 -4.5537849E-19
  3.3252593E-19
 -3.5915112E-19
  3.0060969E-19
 -2.9936023E-19
  2.7320700E-19
 -2.6312465E-19
  2.6523510E-19
 -2.3095097E-19
  2.2837159E-19
 -1.8366878E-18
 -2.6296940E-19
 -2.9137540E-19
  2.4103255E-20
 -2.8633379E-19
  3.3495645E-20
 -2.7487905E-19
  3.5196160E-20
 -2.6081160E-19
  3.6185856E-20
 -2.4221288E-19
  4.9087754E-20
 -2.1596556E-19
  1.0906365E-19
 -1.3039375E-19
  1.2138055E-19
 -1.3257345E-19
  1.1029444E-19
 -1.2542441E-19
  1.1875133E-19
 -1.0613148E-19
  1.2786678E-19
 -8.9232206E-20
  1.3277062E-19
 -8.2528365E-20
  1.0339245E-19
 -1.2724400E-19
  7.2354548E-20
 -1.4490759E-19
  5.2990095E-20
 -1.4312516E-19
  5.7031609E-20
 -1.3999228E-19
  4.9826323E-20
 -1.4481465E-19
  4.0581972E-20
 -1.5084298E-19
  3.4372431E-20
 -1.5488051E-19
  6.9244207E-20
 -1.6358936E-19
 -1.2709646E-19
 -3.1914107E-19
 -1.7306097E-19
 -3.5512285E-19
 -2.0670054E-19
 -3.9233130E-19
 -2.4795974E-19
 -4.3482688E-19
 -2.4667379E-19
 -3.7702820E-19
 -2.3513410E-19
 -3.9066189E-19
 -2.5787216E-19
 -3.0837345E-19
 -5.9398916E-20
 -2.1461258E-19
 -3.7712360E-20
 -1.9867185E-19
 -2.7179177E-20
 -1.8377071E-19
 -7.2602224E-21
 -1.6931005E-19
 -5.5444314E-20
 -2.4854092E-19
 -9.8888324E-20
 -2.8129337E-19
 -9.6519363E-20
 -2.5320660E-19
 -7.0149892E-20
 -2.5716975E-19
 -4.2010933E-20
 -3.2606842E-19
 -1.6900835E-18
 -6.7680042E-19
 -2.2166466E-19
 -4.1092839E-19
 -1.8620200E-19
 -3.8797961E-19
 -1.5531510E-19
 -3.8434735E-19
 -1.7878061E-19
 -4.3010683E-19
 -2.1038589E-19
 -4.3128101E-19
 -3.2091002E-19
  6.7815020E-20
  1.4512863E-18
 -7.2639491E-19
  4.7596252E-19
 -1.2562837E-18
  8.4501173E-18
  3.8533071E-18
  1.4078478E-19
  6.8664247E-19
  9.2300354E-20
  3.3325608E-19
  1.7155632E-19
  2.2059139E-19
  2.7181450E-19
  1.2661396E-19
  4.1606197E-19
 -4.8869818E-20
  8.5691931E-19
 -1.5321357E-18
 -9.0594450E-18
 -8.8010290E-19
 -8.4546260E-19
  4.5687977E-20
 -4.1088356E-19
  7.8734515E-20
 -2.8063343E-19
  7.0733907E-20
 -2.2611272E-19
  6.0938228E-20
 -1.9103822E-19
  4.0735246E-20
 -1.9434053E-19
  7.1895566E-21
 -1.9395033E-19
 -4.3510993E-22
 -1.8786649E-19
 -2.9525288E-20
 -1.7975945E-19
 -3.9648130E-20
 -1.9848656E-19
 -5.3643981E-20
 -1.9829331E-19
 -6.6227621E-20
 -1.9973579E-19
 -6.8786071E-20
 -1.9441296E-19
 -7.3091527E-20
 -1.9333692E-19
 -7.9958574E-20
 -1.8162898E-19
 -6.5472845E-20
 -1.7710777E-19
 -6.8245722E-20
 -1.7531563E-19
 -7.4321461E-20
 -1.7480644E-19
 -7.8531416E-20
 -1.7654544E-19
 -9.1737070E-20
 -1.6928331E-19
 -5.1600153E-20
 -1.3805127E-19
 -5.1197833E-20
 -1.4345325E-19
 -5.3188967E-20
 -1.3430236E-19
 -4.7520130E-20
 -1.2531026E-19
 -5.0854347E-20
 -1.3144567E-19
 -5.1903761E-20
 -1.2742955E-19
 -5.1471831E-20
 -1.5378164E-19
 -9.9774228E-20
 -1.7926847E-19
 -9.9546676E-20
 -1.8663498E-19
 -7.0316814E-20
 -3.5235619E-19
 -2.7331842E-18
 -8.6227732E-19
 -3.4826925E-19
 -3.0467238E-19
 -2.5246938E-19
 -2.3976350E-19
 -2.3380612E-19
 -1.6634737E-19
 -2.2765887E-19
 -1.1161603E-19
 -2.8012146E-19
  1.8420937E-20
 -2.9551712E-19
  1.0157846E-18
  2.2757184E-18
 -5.0913658E-20
  3.0764393E-19
 -1.7111353E-19
  1.5263988E-19
 -1.5085656E-19
  8.8830538E-20
 -1.6772503E-19
  6.7010638E-20
 -1.5235895E-19
  8.0556393E-20
 -2.2828288E-19
 -8.3578943E-20
 -1.3174962E-19
  2.1193931E-20
 -1.9818586E-19
 -1.9155938E-18
 -7.6351645E-19
 -1.9631041E-19
 -2.9526620E-19
 -1.3064865E-19
 -2.4148848E-19
 -1.3854495E-19
 -2.2239433E-19
 -1.5982983E-19
 -1.9965015E-19
 -2.0402681E-19
 -1.4131435E-19
 -3.5646671E-19
  5.1332937E-19
  1.6916182E-18
 -8.3535070E-20
  1.9414083E-19
 -2.0143014E-19
 -8.5012589E-20
 -3.3472443E-19
  3.6065760E-20
 -2.4732075E-19
  9.9076850E-21
 -2.4488535E-19
 -6.9941158E-21
 -2.4103805E-19
 -1.4652606E-20
 -2.3519606E-19
 -2.2794577E-20
 -2.3463955E-19
 -3.4269996E-20
 -2.0608008E-19
  1.7390471E-19
 -1.8194533E-19
 -1.1241385E-21
 -2.0954717E-19
  8.5902707E-22
 -2.0340526E-19
  4.9249558E-22
 -2.0305588E-19
 -3.0232030E-21
 -2.0392287E-19
 -4.8624003E-21
 -2.0449957E-19
 -1.0372056E-20
 -2.1151926E-19
 -1.8532872E-20
 -2.1698721E-19
 -2.2318858E-20
 -2.1786169E-19
 -2.3852302E-20
 -2.2215851E-19
 -2.9555861E-20
 -2.2330046E-19
 -3.3647478E-20
 -2.3294807E-19
 -4.0545518E-20
 -2.3243362E-19
 -3.6617405E-20
 -2.3241061E-19
 -3.7242004E-20
 -2.3420688E-19
 -4.1378211E-20
 -2.3792129E-19
 -4.0172757E-20
 -2.3685784E-19
 -3.8823948E-20
 -2.3901722E-19
 -3.4060402E-20
 -2.3402366E-19
 -2.9633060E-20
 -2.4234376E-19
 -2.4056370E-20
 -2.3121265E-19
  5.4382059E-20
  1.0720841E-19
  8.8422751E-20
 -1.2494944E-19
  4.6419050E-20
 -1.3148338E-19
  5.0816264E-20
 -1.3246326E-19
  4.3599488E-20
 -1.3128090E-19
  4.7003905E-20
 -1.1709168E-19
  2.5042402E-20
 -1.3581186E-19
 -1.4974743E-19
 -4.2980661E-19
 -1.4161823E-20
 -2.4877449E-19
 -8.1538036E-22
 -2.0843390E-19
  1.1482895E-20
 -2.2229946E-19
  1.3125146E-20
 -2.1736432E-19
  1.2791702E-20
 -2.2044896E-19
  2.3761913E-20
 -2.0866991E-19
  1.8799747E-20
 -2.2771253E-19
  6.7063940E-20
  1.0117907E-19
  8.3425779E-20
 -1.8813199E-19
  3.3718337E-20
 -1.7988862E-19
  3.0682029E-20
 -1.8388770E-19
  2.8142597E-20
 -1.8231739E-19
  3.0087364E-20
 -1.7300675E-19
  2.5389314E-20
 -1.4524890E-19
 -1.2470571E-19
 -4.5079353E-19
  2.7418582E-20
 -2.5192551E-19
  4.4383410E-20
 -7.7949680E-19
 -2.3023220E-19
 -2.8284593E-19
 -2.6974147E-20
 -2.5070247E-19
 -2.1956992E-21
 -2.5227148E-19
  1.9978480E-21
 -2.6257158E-19
  4.6378466E-21
 -2.7451074E-19
  1.9279667E-20
 -3.1018443E-19
  1.6902949E-19
  3.1367299E-19
  1.0345541E-19
 -1.6084862E-19
  2.3360537E-20
 -2.0156611E-19
  1.9205996E-20
 -2.1386279E-19
  2.1709911E-20
 -2.1692077E-19
  2.5099568E-20
 -2.1982689E-19
  2.8593786E-20
 -2.2266513E-19
  3.1742255E-20
 -2.2515538E-19
  2.9968676E-20
 -2.3096501E-19
  3.3084549E-20
 -2.3509647E-19
  3.6191091E-20
 -2.3341098E-19
  4.0881993E-20
 -2.3540288E-19
  4.8470031E-20
 -2.3782533E-19
  5.0740706E-20
 -2.4098951E-19
  5.8633263E-20
 -2.4818282E-19
  9.5081594E-20
 -6.6038352E-20
  1.1210118E-19
 -2.2088196E-19
  8.0990042E-20
 -2.3871277E-19
  8.4775893E-20
 -2.4850292E-19
  8.9652510E-20
 -2.5714434E-19
  1.0383866E-19
 -2.6979938E-19
  1.0843938E-19
 -2.9677907E-19
  6.7905454E-21
 -5.0511029E-19
  1.7140161E-19
 -4.6949071E-19
  3.2010437E-19
 -5.0522389E-18
 -2.9338212E-18
 -7.5765479E-19
 -5.7745432E-19
 -4.2437131E-19
 -2.8695844E-19
 -3.8961210E-19
 -1.7581352E-19
 -3.8112130E-19
 -7.5783380E-20
 -4.5473463E-19
  1.4885904E-20
 -6.5773380E-19
  1.2232092E-18
  5.0686452E-18
  1.2654632E-18
  4.1344017E-19
  1.3721586E-19
  1.0797292E-20
  2.0791534E-20
 -9.1947575E-20
 -3.0248573E-21
 -1.3542264E-19
 -1.0078420E-21
 -1.7533269E-19
 -3.5526296E-20
 -2.5942447E-19
 -1.9488300E-19
 -2.0879946E-19
 -4.6779332E-20
 -1.9274764E-19
 -3.0595879E-20
 -1.9878109E-19
 -2.6726651E-20
 -2.0359730E-19
 -2.4396600E-20
 -2.0755015E-19
 -2.6732842E-20
 -1.8399464E-19
  1.4652199E-20
 -2.1071525E-19
 -1.0322128E-20
 -1.9843369E-19
  1.9015061E-19
 -1.4016524E-19
  2.9336051E-20
 -2.0181992E-19
  1.4392361E-20
 -2.1292914E-19
  1.3474901E-20
 -2.1813880E-19
  1.6698256E-20
 -2.2231689E-19
  2.3207366E-20
 -2.3180049E-19
  2.9683001E-20
 -3.1968501E-19
 -1.7780925E-19
 -2.6759391E-19
 -2.7337350E-20
 -2.4189713E-19
  8.3181412E-21
 -2.2711619E-19
 -3.8444641E-21
 -2.3878815E-19
 -1.4853320E-21
 -2.4227694E-19
 -1.4816097E-21
 -2.4238212E-19
  6.4954358E-21
 -2.3918217E-19
  1.1522329E-20
 -2.3776547E-19
  1.8779934E-20
 -2.3605610E-19
  4.6835096E-21
 -2.3229007E-19
  3.2388658E-20
 -2.2286913E-19
  3.9769706E-20
 -2.1734380E-19
  4.6975936E-20
 -2.1939048E-19
  4.2316221E-20
 -2.3223809E-19
  2.8806849E-20
 -2.5594995E-19
 -5.9486241E-21
 -2.7149102E-19
 -3.0657123E-21
 -2.8368136E-19
 -1.0677474E-20
 -2.8888621E-19
 -1.1348168E-20
 -2.9390870E-19
 -9.5154140E-21
 -2.8778115E-19
  2.2123075E-21
 -2.7900151E-19
  1.8430618E-20
 -2.4845683E-19
  5.1428042E-20
 -2.5049529E-19
  5.0728622E-20
 -2.1262954E-19
  7.7788303E-19
  1.2907746E-19
  1.6068908E-19
 -1.6202178E-19
  9.6864427E-20
 -2.0543063E-19
  8.6140288E-20
 -2.2130121E-19
  8.1932963E-20
 -2.4133170E-19
  8.9822186E-20
 -2.6566089E-19
  1.2115269E-19
 -5.5341366E-19
 -6.9913259E-19
 -4.3537886E-19
 -7.7518301E-20
 -2.9015423E-19
  3.8321081E-20
 -2.1944187E-19
  1.7338804E-20
 -2.5595620E-19
  1.8577779E-20
 -2.6472711E-19
  2.2889122E-20
 -2.6097921E-19
  5.5386372E-20
 -2.1475759E-19
  4.8791636E-20
 -2.4241531E-19
  4.6533162E-20
 -2.5867168E-19
 -1.7898237E-20
 -2.7588169E-19
  4.2095144E-20
 -2.5373832E-19
  4.7664848E-20
 -2.5320174E-19
  4.4865372E-20
 -2.6265259E-19
  4.5426885E-20
 -2.6076760E-19
  3.7479554E-20
 -3.1024288E-19
  3.1410891E-20
 -2.7271985E-19
  4.1479747E-20
 -2.7807607E-19
  3.8706934E-20
 -2.8237066E-19
  3.9422045E-20
 -2.8335098E-19
  3.9498133E-20
 -2.8602918E-19
  4.2109451E-20
 -2.8691520E-19
  6.7998292E-20
 -2.4343721E-19
  5.2913374E-20
 -2.7273455E-19
  5.0760145E-20
 -2.3871324E-19
  7.5559421E-20
 -2.6654639E-19
  6.4674874E-20
 -2.6515011E-19
  7.0136515E-20
 -2.6393193E-19
  6.9519322E-20
 -2.6785054E-19
  6.8334347E-20
 -2.6972571E-19
  6.5851590E-20
 -2.7712233E-19
  4.5640879E-20
 -3.2834273E-19
  4.1275938E-20
 -3.0147942E-19
  5.1505590E-20
 -3.0114671E-19
  5.1209847E-20
 -2.9941519E-19
  5.6024710E-20
 -2.9687166E-19
  5.9919128E-20
 -2.9443747E-19
  7.1715603E-20
 -2.7994739E-19
  8.5316068E-20
 -2.7797190E-19
  9.1426696E-20
 -2.7257395E-19
  4.5901881E-19
 -3.9452825E-20
  1.4628998E-19
 -2.3322308E-19
  9.4231627E-20
 -2.7169564E-19
  8.3683704E-20
 -2.8988395E-19
  8.1225440E-20
 -3.0556171E-19
  1.0094141E-19
 -3.3705413E-19
  2.8002923E-19
  5.7539061E-19
  5.6943243E-20
 -2.3206014E-19
  8.9388601E-20
 -2.2331465E-19
  1.0745817E-19
 -1.9850954E-19
  9.2276237E-20
 -2.1514733E-19
  7.4790660E-20
 -2.0966868E-19
  4.1644576E-20
 -1.6044808E-19
 -4.4722104E-19
 -1.1634538E-18
 -1.4320116E-19
 -4.5824576E-19
  9.9345167E-21
 -3.6250609E-20
  3.1464617E-19
 -3.0103351E-19
  1.2640285E-19
 -3.2540533E-19
  1.0283814E-19
 -3.2579775E-19
  9.4903931E-20
 -3.1224988E-19
  1.0329635E-19
 -2.9789033E-19
  1.0572052E-19
 -2.8313958E-19
  2.3784364E-20
 -7.2178545E-19
 -5.7776963E-20
 -3.8368618E-19
  7.0635628E-20
 -3.3972649E-19
  8.7913777E-20
 -3.2683762E-19
  9.6761326E-20
 -3.2009716E-19
  1.0213774E-19
 -3.1436265E-19
  1.1149383E-19
 -3.1190685E-19
  1.1802685E-19
 -3.1872497E-19
  1.0534410E-19
 -3.2500978E-19
  9.9139445E-20
 -3.3098428E-19
  9.3209309E-20
 -3.3887336E-19
  8.8431075E-20
 -3.4566870E-19
  8.6514213E-20
 -3.5300403E-19
  8.2385573E-20
 -3.4457129E-19
  9.3618634E-20
 -3.4061214E-19
  8.0465093E-20
 -3.4474184E-19
  1.0013883E-19
 -3.3348696E-19
  1.0803494E-19
 -3.2953661E-19
  1.1184091E-19
 -3.2649703E-19
  1.1614015E-19
 -3.2453532E-19
  1.1569479E-19
 -3.2968777E-19
  1.1165267E-19
 -3.2393791E-19
  1.3689853E-19
 -3.2619896E-19
  1.2051674E-19
 -3.3114020E-19
  1.1766909E-19
 -3.3719925E-19
  1.1804727E-19
 -3.3695404E-19
  1.1961783E-19
 -3.3475027E-19
  1.2840802E-19
 -3.2740548E-19
  1.3575317E-19
 -3.2752563E-19
  1.3388013E-19
 -3.2495553E-19
  1.3375566E-19
 -3.7142700E-19
  1.1454977E-19
 -3.3729597E-19
  1.3016673E-19
 -3.3909975E-19
  1.2598551E-19
 -3.4921782E-19
  1.1703894E-19
 -3.6066553E-19
  1.1227280E-19
 -3.6864250E-19
  1.2084777E-19
 -4.2914632E-19
 -1.0921201E-19
 -4.0123088E-19
  6.6640565E-20
 -3.6211160E-19
  7.2796250E-20
 -6.9534398E-20
  3.8964653E-19
 -2.8487594E-19
  1.7750385E-19
 -3.3242776E-19
  1.4924873E-19
 -3.3187593E-19
  1.3391880E-19
 -1.9064967E-19
  3.5735164E-19
 -2.8063602E-19
  1.9982601E-19
 -3.2098046E-19
 -1.0954088E-20
 -8.0705117E-19
 -4.5619379E-20
 -4.4800769E-19
  1.0355509E-19
 -4.0555999E-19
  1.1096179E-19
 -4.0804975E-19
  1.0410195E-19
 -4.1420113E-19
  9.8226056E-20
 -4.1483888E-19
  9.1201600E-20
 -3.6817070E-19
  2.5683048E-19
 -3.5340604E-19
  1.5068779E-19
 -3.8768472E-19
  1.3776663E-19
 -3.9108055E-19
  1.5169941E-19
 -3.7790987E-19
  1.5840849E-19
 -3.7520928E-19
  1.6056267E-19
 -3.7754483E-19
  1.6190986E-19
 -3.8221958E-19
  1.6104660E-19
 -3.8545396E-19
  1.5529544E-19
 -3.9070310E-19
  1.6125593E-19
 -3.8829393E-19
  1.5379851E-19
 -3.9471616E-19
  1.5639076E-19
 -3.9223891E-19
  1.6386692E-19
 -3.8643433E-19
  1.6761038E-19
 -3.8555700E-19
  1.7534253E-19
 -3.7590696E-19
  1.7768350E-19
 -3.8518927E-19
  1.7076336E-19
 -3.9255076E-19
  1.6907291E-19
 -3.9706112E-19
  1.6713935E-19
 -4.0128082E-19
  1.6756039E-19
 -4.0456804E-19
  1.6806055E-19
 -4.0812869E-19
  1.6009937E-19
 -4.1837534E-19
  1.6647564E-19
 -4.1011010E-19
  1.7567038E-19
 -4.0995293E-19
  1.7758556E-19
 -4.1081113E-19
  1.7808768E-19
 -4.1425655E-19
  1.7738504E-19
 -4.1786900E-19
  1.7953491E-19
 -4.1232239E-19
  1.8986076E-19
 -4.0868419E-19
  1.9524832E-19
 -4.0796108E-19
  2.0694711E-19
 -3.9864610E-19
  2.1118755E-19
 -4.0602848E-19
  2.1156125E-19
 -4.1337141E-19
  2.0958424E-19
 -4.2078740E-19
  2.0549047E-19
 -4.3765097E-19
  2.0487368E-19
 -4.5279164E-19
  2.2035626E-19
 -4.2779072E-19
  2.1920545E-19
 -4.8025724E-19
  2.3145620E-19
 -4.5199113E-19
  2.3766566E-18
  1.3631611E-18
  7.8429130E-19
 -6.8055122E-21
  3.8684058E-19
 -2.3273724E-19
  3.1044471E-19
 -3.0432699E-19
  2.6847015E-19
 -3.7652982E-19
  3.0087418E-19
 -3.9936906E-19
  3.7125913E-19
 -1.1066696E-18
 -2.3554818E-18
 -1.5440977E-18
 -3.2608918E-19
 -6.4182521E-19
  2.1317556E-20
 -5.0085595E-19
  1.1857149E-19
 -4.4885865E-19
  1.6088594E-19
 -4.3362198E-19
  1.8118369E-19
 -4.3482238E-19
  2.5767958E-19
 -2.7700738E-19
  2.4611301E-19
 -3.8739520E-19
  2.1170340E-19
 -4.3224638E-19
  1.8869994E-19
 -4.1963581E-19
  1.9586351E-19
 -4.2739399E-19
  1.9457799E-19
 -4.3241182E-19
  1.9704128E-19
 -4.3551013E-19
  1.9934767E-19
 -4.3716175E-19
  2.0470728E-19
 -4.3336173E-19
  2.1747555E-19
 -4.0090880E-19
  2.3025136E-19
 -4.2767921E-19
  2.1771208E-19
 -4.3611919E-19
  2.1722078E-19
 -4.3931195E-19
  2.1848590E-19
 -4.4395988E-19
  2.1720832E-19
 -4.4940180E-19
  2.1658317E-19
 -4.4947128E-19
  2.2047858E-19
 -4.4709764E-19
  2.2701946E-19
 -4.4521549E-19
  2.2964855E-19
 -4.4726581E-19
  2.3389607E-19
 -4.4722580E-19
  2.3555291E-19
 -4.4680978E-19
  2.3571427E-19
 -4.4695231E-19
  2.3659656E-19
 -4.5413332E-19
  2.3342654E-19
 -4.5745880E-19
  2.3894410E-19
 -4.3527402E-19
  2.5940425E-19
 -4.5027313E-19
  2.4760142E-19
 -4.5714974E-19
  2.4731935E-19
 -4.5656239E-19
  2.5676793E-19
 -4.5448234E-19
  2.5853401E-19
 -4.5363236E-19
  2.6068830E-19
 -4.5197495E-19
  2.8291660E-19
 -4.6794869E-19
  2.6109661E-19
 -4.6489980E-19
  2.6331873E-19
 -4.6996437E-19
  2.5948387E-19
 -4.7893189E-19
  2.5423039E-19
 -4.8126247E-19
  2.5948790E-19
 -4.8748452E-19
  2.5714874E-19
 -5.0267559E-19
  2.3331472E-19
 -4.9412415E-19
  2.1909393E-19
 -1.0277600E-18
 -1.3229945E-19
 -6.3719501E-19
  1.7317162E-19
 -5.3888770E-19
  2.2235478E-19
 -5.2887819E-19
  2.3501763E-19
 -5.1933625E-19
  2.5210718E-19
 -5.2714732E-19
  2.6265869E-19
 -5.4191373E-19
  5.0609872E-19
  1.0147604E-19
  5.3299579E-19
 -3.6616789E-19
  3.3611517E-19
 -5.3737075E-19
  1.8908895E-19
 -5.0515894E-19
  2.6361305E-19
 -4.9148461E-19
  2.7756676E-19
 -4.9159912E-19
  2.8446307E-19
 -5.2306895E-19
  2.3160375E-19
 -5.1506433E-19
  2.6972250E-19
 -5.0723336E-19
  3.0961737E-19
 -3.6749996E-19
  3.6697863E-19
 -4.6943911E-19
  3.0468112E-19
 -4.9566741E-19
  2.9336586E-19
 -5.0684075E-19
  2.8899488E-19
 -5.1393595E-19
  2.8534309E-19
 -5.1679344E-19
  2.8796944E-19
 -5.2617496E-19
  2.6334008E-19
 -5.3676820E-19
  2.7984358E-19
 -5.3042466E-19
  2.8637194E-19
 -5.2875618E-19
  2.9081670E-19
 -5.2883021E-19
  2.9300655E-19
 -5.3069639E-19
  2.9630023E-19
 -5.3132944E-19
  3.0158643E-19
 -5.3044601E-19
  3.0638496E-19
 -5.2938613E-19
  3.0985684E-19
 -5.2842350E-19
  3.1472496E-19
 -5.2905267E-19
  3.1959534E-19
 -5.2817938E-19
  3.2348278E-19
 -5.2680238E-19
  3.2550002E-19
 -5.2909165E-19
  3.2674048E-19
 -5.3174339E-19
  3.2768900E-19
 -5.3610485E-19
  3.2329403E-19
 -5.4450834E-19
  3.2323458E-19
 -5.4566913E-19
  3.2287196E-19
 -5.4751731E-19
  3.2573494E-19
 -5.5332784E-19
  3.2529974E-19
 -5.5641415E-19
  3.2669312E-19
 -5.5580835E-19
  3.2898260E-19
 -5.6172026E-19
  3.3488319E-19
 -5.5817259E-19
  3.3488252E-19
 -5.6651072E-19
  3.4754836E-19
 -5.5415471E-19
  3.3893431E-19
 -5.6310729E-19
  3.3992775E-19
 -5.6576600E-19
  3.4300781E-19
 -5.6960939E-19
  3.4833258E-19
 -5.6235409E-19
  3.4952036E-19
 -5.5168046E-19
  4.5713309E-19
 -4.9627487E-19
  3.7472295E-19
 -5.5181017E-19
  3.7640239E-19
 -5.6064006E-19
  3.6447444E-19
 -5.5922884E-19
  3.7684762E-19
 -5.5583751E-19
  3.8119672E-19
 -5.5894574E-19
  3.8101516E-19
 -6.1813811E-19
  2.6713281E-19
 -6.0998304E-19
  3.4141249E-19
 -5.8381306E-19
  3.5173245E-20
 -9.2072874E-19
  2.3716519E-19
 -6.8789151E-19
  3.1972500E-19
 -6.4684888E-19
  3.3704069E-19
 -6.3712118E-19
  3.5132677E-19
 -6.1952679E-19
  3.4743850E-19
 -6.2400577E-19
  3.4181409E-19
 -5.3654378E-19
  7.7575862E-19
 -3.7779546E-19
  4.8746214E-19
 -5.5907416E-19
  4.1600567E-19
 -5.9138973E-19
  3.9888376E-19
 -6.0370345E-19
  3.9414345E-19
 -6.1140569E-19
  3.9337525E-19
 -6.1433344E-19
  3.8859311E-19
 -6.3279126E-19
  3.9230193E-19
 -6.2008892E-19
  4.0248939E-19
 -6.1193674E-19
  4.1013993E-19
 -6.1242917E-19
  4.1748741E-19
 -6.1448110E-19
  4.1888168E-19
 -6.1905323E-19
  4.1505659E-19
 -6.2858251E-19
  4.1445693E-19
 -6.3120472E-19
  4.1261868E-19
 -6.3624458E-19
  4.0640237E-19
 -6.4912745E-19
  4.0339313E-19
 -6.5299917E-19
  4.0412669E-19
 -6.5374462E-19
  4.0970855E-19
 -6.5013630E-19
  4.2007700E-19
 -6.4529926E-19
  4.2535163E-19
 -6.4483325E-19
  4.2719645E-19
 -6.5073399E-19
  4.3233608E-19
 -6.4680881E-19
  4.3691308E-19
 -6.5092450E-19
  4.5724249E-19
 -6.2271113E-19
  4.5155826E-19
 -6.4955361E-19
  4.4185481E-19
 -6.5699720E-19
  4.4038005E-19
 -6.6090195E-19
  4.4758128E-19
 -6.5847159E-19
  4.4728106E-19
 -6.6571832E-19
  4.4874295E-19
 -5.4774292E-19
  5.4685122E-19
 -6.4060020E-19
  4.7856555E-19
 -6.5958126E-19
  4.6948781E-19
 -6.6678771E-19
  4.6743759E-19
 -6.7272774E-19
  4.6335499E-19
 -6.7385281E-19
  4.6033971E-19
 -6.8756690E-19
  4.1999635E-19
 -8.4239831E-19
  3.7295506E-19
 -7.3908805E-19
  4.4428357E-19
 -7.1264789E-19
  4.5586218E-19
 -7.1102998E-19
  4.5985607E-19
 -7.1158036E-19
  4.6368529E-19
 -7.1485745E-19
  4.7607827E-19
 -6.9893556E-19
  4.7936998E-19
 -7.1182180E-19
  4.8042924E-19
 -5.9078790E-19
  5.9352101E-19
 -6.6371949E-19
  5.2032561E-19
 -6.9202706E-19
  5.1376653E-19
 -6.9040878E-19
  5.2297920E-19
 -6.9035625E-19
  5.1851119E-19
 -6.9504714E-19
  5.1883213E-19
 -6.9342959E-19
  4.7314747E-19
 -8.5849560E-19
  4.3292167E-19
 -7.5880566E-19
  4.9278044E-19
 -7.2564673E-19
  5.2541608E-19
 -7.3674914E-19
  5.0764819E-19
 -7.4373122E-19
  5.1231245E-19
 -7.4097381E-19
  5.1676630E-19
 -7.3846306E-19
  5.3101707E-19
 -7.3928678E-19
  5.2887907E-19
 -7.4519419E-19
  5.2546493E-19
 -7.7287626E-19
  5.1019471E-19
 -7.5976363E-19
  5.2411854E-19
 -7.5857136E-19
  5.3029200E-19
 -7.6012925E-19
  5.3385952E-19
 -7.6201553E-19
  5.3989872E-19
 -7.6287156E-19
  5.4490347E-19
 -7.6163110E-19
  5.5276189E-19
 -7.6037032E-19
  5.5337923E-19
 -7.6359674E-19
  5.5535810E-19
 -7.6651808E-19
  5.5841485E-19
 -7.7120359E-19
  5.6175407E-19
 -7.7699324E-19
  5.6115876E-19
 -7.8193388E-19
  5.6042076E-19
 -7.8705367E-19
  5.5887083E-19
 -7.9149144E-19
  5.5919658E-19
 -8.0112758E-19
  5.5816798E-19
 -8.0540239E-19
  5.6659633E-19
 -8.0150917E-19
  5.6968337E-19
 -8.0349791E-19
  5.7721573E-19
 -8.0385252E-19
  5.8084199E-19
 -8.0658821E-19
  5.8325131E-19
 -8.1027950E-19
  5.5317890E-19
 -8.3979874E-19
  5.7791015E-19
 -8.2441328E-19
  5.8399303E-19
 -8.1342729E-19
  6.2346381E-19
 -8.1000964E-19
  6.0523270E-19
 -8.2142116E-19
  6.0046168E-19
 -8.2338375E-19
  6.0365299E-19
 -8.1850907E-19
  6.5043781E-19
 -8.0915578E-19
  6.2767830E-19
 -8.2554388E-19
  6.1765256E-19
 -8.5930981E-19
  5.9525995E-19
 -8.4832118E-19
  6.1737380E-19
 -8.4102798E-19
  6.3013740E-19
 -8.4274355E-19
  6.3483708E-19
 -8.4310994E-19
  6.3785851E-19
 -8.4781494E-19
  6.0766172E-19
 -8.7773065E-19
  6.3481289E-19
 -8.6358137E-19
  6.3484235E-19
 -8.7147758E-19
  6.3596706E-19
 -8.8057833E-19
  6.3397180E-19
 -8.8585367E-19
  6.3694892E-19
 -8.8856899E-19
  6.4217696E-19
 -8.7669482E-19
  6.8551906E-19
 -8.7094798E-19
  6.6497815E-19
 -8.8575244E-19
  6.9984252E-19
 -8.4406378E-19
  6.9094050E-19
 -8.7343955E-19
  6.8146215E-19
 -8.8257524E-19
  6.8136687E-19
 -8.8385975E-19
  6.8253464E-19
 -8.9168012E-19
  6.8781676E-19
 -8.9419393E-19
  6.9272814E-19
 -9.0913126E-19
  6.4384725E-19
 -9.4410208E-19
  6.7097143E-19
 -9.2490973E-19
  6.8731290E-19
 -9.2453346E-19
  6.9356696E-19
 -9.2928241E-19
  7.0020249E-19
 -9.3127809E-19
  7.0191626E-19
 -9.3403860E-19
  7.1190669E-19
 -9.3018838E-19
  7.1832333E-19
 -9.3337427E-19
  7.2163051E-19
 -9.3975503E-19
  7.2156567E-19
 -9.4406516E-19
  7.2275051E-19
 -9.4718281E-19
  7.2278680E-19
 -9.5445383E-19
  7.2402773E-19
 -9.6230760E-19
  7.2127259E-19
 -9.6698789E-19
  7.2662404E-19
 -9.6971076E-19
  7.1430897E-19
 -9.8828562E-19
  7.3599486E-19
 -9.7169506E-19
  7.4921682E-19
 -9.7155589E-19
  7.5826851E-19
 -9.7078454E-19
  7.6394421E-19
 -9.7259018E-19
  7.7092416E-19
 -9.7903546E-19
  7.6966912E-19
 -9.9040072E-19
  7.9051211E-19
 -9.8330496E-19
  7.8117882E-19
 -1.0072613E-18
  8.8194721E-19
 -8.0610720E-19
  8.8077499E-19
 -9.4541802E-19
  8.0887852E-19
 -9.8788133E-19
  7.9539754E-19
 -1.0002036E-18
  8.0165785E-19
 -9.9465873E-19
  8.0705107E-19
 -1.0059534E-18
  8.0917558E-19
 -1.0404164E-18
  6.2364719E-19
 -1.1995549E-18
  7.2190849E-19
 -1.0765988E-18
  7.9000236E-19
 -1.0497236E-18
  8.1153418E-19
 -1.0483220E-18
  8.1316941E-19
 -1.0507270E-18
  8.1859830E-19
 -1.0505188E-18
  8.3227987E-19
 -1.0306359E-18
  8.4587252E-19
 -1.0512311E-18
  8.3765386E-19
 -1.0602517E-18
  8.4022546E-19
 -1.0683513E-18
  8.4289508E-19
 -1.0682251E-18
  8.5574636E-19
 -1.0696649E-18
  8.6076311E-19
 -1.0786615E-18
  8.6172905E-19
 -1.0793054E-18
  8.7009247E-19
 -1.1015044E-18
  8.5710056E-19
 -1.0955628E-18
  8.8105458E-19
 -1.0886198E-18
  8.8753254E-19
 -1.0986037E-18
  8.8048155E-19
 -1.1097509E-18
  8.7896646E-19
 -1.1176192E-18
  8.8297281E-19
 -1.1236523E-18
  8.9457825E-19
 -1.1025670E-18
  9.1130747E-19
 -1.1245876E-18
  8.9819427E-19
 -1.1401752E-18
  9.0006691E-19
 -1.1399868E-18
  9.1359141E-19
 -1.1365565E-18
  9.2270767E-19
 -1.1390548E-18
  9.2867857E-19
 -1.1457758E-18
  9.3345440E-19
 -1.1555494E-18
  9.3223751E-19
 -1.1619878E-18
  9.3753126E-19
 -1.1624181E-18
  9.4627063E-19
 -1.1678338E-18
  9.4934599E-19
 -1.1777630E-18
  9.5664679E-19
 -1.1816274E-18
  9.6288456E-19
 -1.1835925E-18
  9.6832161E-19
 -1.1850513E-18
  9.7652083E-19
 -1.1825825E-18
  9.8698663E-19
 -1.1916130E-18
  9.8933159E-19
 -1.1993562E-18
  9.8983007E-19
 -1.2102818E-18
  9.9172855E-19
 -1.2146075E-18
  9.9927027E-19
 -1.2184966E-18
  1.0060436E-18
 -1.2234881E-18
  1.0130172E-18
 -1.2352139E-18
  1.0128858E-18
 -1.2432558E-18
  1.0186525E-18
 -1.2944724E-18
  9.5090522E-19
 -1.2889545E-18
  1.0003035E-18
 -1.2722922E-18
  1.0167549E-18
 -1.2716351E-18
  1.0277055E-18
 -1.2743971E-18
  1.0353941E-18
 -1.2777417E-18
  1.0477905E-18
 -1.2789687E-18
  1.0701545E-18
 -1.2031872E-18
  1.1277678E-18
 -1.2477300E-18
  1.0928990E-18
 -1.2779814E-18
  1.0738718E-18
 -1.2938259E-18
  1.0811503E-18
 -1.3044237E-18
  1.0828085E-18
 -1.3139097E-18
  1.0844809E-18
 -1.3206275E-18
  1.0815885E-18
 -1.3303853E-18
  1.0949017E-18
 -1.3310777E-18
  1.1056524E-18
 -1.3274430E-18
  1.1240817E-18
 -1.3370060E-18
  1.1276476E-18
 -1.3423445E-18
  1.1348793E-18
 -1.3399110E-18
  1.1442434E-18
 -1.3443063E-18
  1.1495432E-18
 -1.3512881E-18
  1.1627449E-18
 -1.3559540E-18
  1.1620932E-18
 -1.3722734E-18
  1.1659262E-18
 -1.3793652E-18
  1.1688128E-18
 -1.3853252E-18
  1.1693818E-18
 -1.3979622E-18
  1.1752161E-18
 -1.4109740E-18
  1.1806492E-18
 -1.4177232E-18
  1.1783338E-18
 -1.4267205E-18
  1.1941642E-18
 -1.4259103E-18
  1.2002707E-18
 -1.4356415E-18
  1.2050969E-18
 -1.4398536E-18
  1.2156390E-18
 -1.4461704E-18
  1.2241011E-18
 -1.4497820E-18
  1.2323554E-18
 -1.4591496E-18
  1.2430724E-18
 -1.4626228E-18
  1.2472342E-18
 -1.4675299E-18
  1.2560357E-18
 -1.4715824E-18
  1.2608675E-18
 -1.4823455E-18
  1.2685259E-18
 -1.4955805E-18
  1.2758701E-18
 -1.5035638E-18
  1.2812307E-18
 -1.5071485E-18
  1.2865316E-18
 -1.5190940E-18
  1.2921597E-18
 -1.5278976E-18
  1.3034872E-18
 -1.5354301E-18
  1.3145464E-18
 -1.5592281E-18
  1.2832805E-18
 -1.5636512E-18
  1.3160931E-18
 -1.5569745E-18
  1.3311010E-18
 -1.5634102E-18
  1.3431189E-18
 -1.5683490E-18
  1.3500268E-18
 -1.5743461E-18
  1.3578147E-18
 -1.5854247E-18
  1.3106642E-18
 -1.6335294E-18
  1.3646731E-18
 -1.6137809E-18
  1.3726412E-18
 -1.6234577E-18
  1.3763463E-18
 -1.6321079E-18
  1.3897153E-18
 -1.6345690E-18
  1.4011922E-18
 -1.6428353E-18
  1.4118405E-18
 -1.6290929E-18
  1.5006522E-18
 -1.5906826E-18
  1.4747247E-18
 -1.6337138E-18
  1.4569778E-18
 -1.6849048E-18
  1.4592289E-18
 -1.6772131E-18
  1.4712004E-18
 -1.6827853E-18
  1.4848013E-18
 -1.6944415E-18
  1.4928333E-18
 -1.7091951E-18
  1.4859215E-18
 -1.7145383E-18
  1.4933267E-18
 -1.7293264E-18
  1.5303150E-18
 -1.7060116E-18
  1.5258073E-18
 -1.7360685E-18
  1.5273878E-18
 -1.7562990E-18
  1.5310142E-18
 -1.7619065E-18
  1.5355585E-18
 -1.7713934E-18
  1.5527692E-18
 -1.7898257E-18
  1.5644172E-18
 -1.8026712E-18
  1.5703322E-18
 -1.8045836E-18
  1.5899234E-18
 -1.8102939E-18
  1.6042912E-18
 -1.8177410E-18
  1.6170236E-18
 -1.8313723E-18
  1.6296079E-18
 -1.8380665E-18
  1.6379600E-18
 -1.8461317E-18
  1.6536737E-18
 -1.8554881E-18
  1.6616389E-18
 -1.8706855E-18
  1.6662297E-18
 -1.8884229E-18
  1.6738090E-18
 -1.9022269E-18
  1.6779759E-18
 -1.9166637E-18
  1.6880472E-18
 -1.9324302E-18
  1.7011669E-18
 -1.9470847E-18
  1.7079043E-18
 -1.9575401E-18
  1.7191866E-18
 -1.9707338E-18
  1.7365853E-18
 -1.9730379E-18
  1.7621433E-18
 -1.9725379E-18
  1.7863238E-18
 -1.9847975E-18
  1.7927246E-18
 -2.0059041E-18
  1.8084257E-18
 -2.0169927E-18
  1.8151914E-18
 -2.0254651E-18
  1.8232843E-18
 -2.0364775E-18
  1.8330130E-18
 -2.0569529E-18
  1.8399386E-18
 -2.0681135E-18
  1.8537058E-18
 -2.0840187E-18
  1.8797617E-18
 -2.0884247E-18
  1.8853752E-18
 -2.0938158E-18
  1.8999057E-18
 -2.1076438E-18
  1.9195888E-18
 -2.1271675E-18
  1.9385581E-18
 -2.1183157E-18
  1.9713341E-18
 -2.1498296E-18
  1.9710785E-18
 -2.1671106E-18
  1.9611274E-18
 -2.2229604E-18
  1.9607990E-18
 -2.2250486E-18
  1.9881673E-18
 -2.2368573E-18
  2.0064891E-18
 -2.2462948E-18
  2.0213478E-18
 -2.2814040E-18
  2.0307882E-18
 -2.2859519E-18
  2.0562161E-18
 -2.2734358E-18
  2.1186503E-18
 -2.2466695E-18
  2.1208599E-18
 -2.2944290E-18
  2.1166983E-18
 -2.3286245E-18
  2.1234785E-18
 -2.3595412E-18
  2.1292611E-18
 -2.3871349E-18
  2.1398796E-18
 -2.3927519E-18
  2.1503327E-18
 -2.4342087E-18
  2.1552284E-18
 -2.4496141E-18
  2.1968734E-18
 -2.4559110E-18
  2.2288102E-18
 -2.4612774E-18
  2.2498562E-18
 -2.4790845E-18
  2.2664943E-18
 -2.4966096E-18
  2.2852306E-18
 -2.5197812E-18
  2.3062559E-18
 -2.5399201E-18
  2.3245634E-18
 -2.5637415E-18
  2.3384431E-18
 -2.5854570E-18
  2.3527606E-18
 -2.6083813E-18
  2.3785961E-18
 -2.6245916E-18
  2.4019178E-18
 -2.6492171E-18
  2.4216684E-18
 -2.6682547E-18
