        0.0       1000.0   
     5000.0       1000.0   
    10000.0       1000.0    
    15000.0       1000.0    
     4330.0       3500.0    
     8660.0       6000.0    
    12990.0       8500.0    
     2500.0       5330.0    
     5000.0       9660.0    
     7500.0      13990.0   
        0.0      -1000.0   
     5000.0      -1000.0   
    10000.0      -1000.0   
    15000.0      -1000.0   
     4330.0      -3500.0   
     8660.0      -6000.0   
    12990.0      -8500.0     
     2500.0      -5330.0   
     5000.0      -9660.0   
     7500.0     -13990.0  

